DMLs = [4785, 4862, 4877, 4891, 5166, 5167, 5173, 5174, 5178, 5179, 5180, 5185, 5186, 5187, 5198, 5199, 5204, 5205, 5208, 5209, 5210, 5215, 5216, 5217, 6180, 6181, 6182, 6434, 6435, 6436, 8370, 8374]
LPS = [6192, 6446]
RPS = [6867, 6870, 6882, 6891, 6895, 7968, 7971, 7973, 7977, 7980]
SAPS = [4842, 4887, 4895, 4938, 4940, 5154, 5157, 5160, 5168, 5181, 5189, 5192, 5200, 5211, 6172, 6426, 9967]
TPS = [1979, 1981, 1983, 1985, 1987, 1989, 1991, 5807, 5812, 5814, 5816, 5818, 5819, 5823, 5825, 5830, 5831, 5833, 5835, 5838, 5839, 5843, 5844, 5847, 5848, 5850, 5854, 5856, 5861, 5863, 5866, 5868, 5870, 5881, 5897, 5912, 5916, 5919, 5932, 5940, 5955, 5974, 5984, 5996, 6032, 6053, 6079, 6084, 6089, 6094, 6096, 6099, 6116, 6122, 6123, 6126, 6191, 6196, 6199, 6201, 6203, 6207, 6209, 6212, 6213, 6215, 6217, 6220, 6221, 6223, 6225, 6228, 6229, 6231, 6234, 6236, 6239, 6241, 6245, 6249, 6253, 6255, 6256, 6257, 6264, 6267, 6271, 6275, 6358, 6364, 6370, 6380, 6395, 6401, 6406, 6413, 6445, 8276, 8277]
actions/(sec*threads) = [1108, 4146, 4150, 4764, 4783, 4792, 4796, 4930, 5463, 5464, 5465, 5466, 5467, 5468, 5469, 5470, 5471, 5472, 5722, 5723, 5725, 5726, 5727, 5728, 5729, 5730, 5731, 5735]
commits = [1126, 4140, 4793, 4832, 4919, 4924, 4952, 4955, 6183, 6437]
count = [4868, 4922, 4942, 4945, 6185, 6186, 6187, 6439, 6440, 6441, 6928, 6937, 6939, 6941, 6943, 6945, 6947, 6950, 6952, 6954, 6956, 6958, 6960, 6962, 6964, 6966, 6968, 6970, 6973, 6975, 6977, 6979, 8018, 8371, 8375, 9960, 9961]
items per second = [1206, 1207, 1208, 1209, 1210, 1211, 1212, 1213, 1214, 1215, 1216, 1217, 9964, 9966]
logwrites = [4946, 5155, 5158, 5188, 5190, 5193, 6184, 6438, 9971]
ms = [5, 14, 16, 18, 28, 29, 30, 31, 32, 33, 34, 35, 36, 37, 38, 39, 40, 41, 42, 43, 44, 45, 46, 47, 48, 49, 50, 51, 52, 53, 54, 55, 56, 57, 58, 59, 60, 61, 62, 63, 64, 65, 66, 67, 68, 69, 70, 71, 72, 73, 74, 75, 76, 77, 78, 79, 81, 82, 83, 85, 110, 111, 112, 113, 114, 115, 116, 117, 118, 119, 120, 127, 130, 131, 132, 133, 134, 135, 136, 137, 138, 139, 140, 141, 142, 143, 144, 145, 146, 147, 148, 149, 150, 151, 152, 153, 154, 155, 156, 157, 158, 159, 160, 161, 162, 163, 164, 165, 166, 167, 168, 169, 170, 171, 172, 173, 174, 175, 176, 177, 178, 179, 180, 181, 182, 183, 184, 185, 186, 187, 188, 189, 190, 191, 192, 193, 194, 195, 196, 197, 198, 199, 200, 201, 202, 203, 204, 205, 206, 207, 208, 209, 210, 214, 225, 228, 229, 230, 231, 232, 233, 234, 236, 237, 248, 249, 250, 251, 252, 253, 254, 255, 256, 257, 258, 259, 260, 261, 262, 263, 264, 265, 266, 267, 269, 270, 273, 274, 279, 285, 286, 287, 288, 289, 290, 291, 293, 310, 311, 312, 313, 314, 315, 316, 317, 318, 319, 320, 321, 322, 323, 324, 325, 326, 330, 337, 357, 358, 359, 360, 361, 362, 363, 364, 365, 366, 367, 368, 369, 370, 371, 372, 373, 374, 375, 376, 377, 378, 379, 380, 381, 382, 383, 384, 385, 388, 400, 407, 409, 410, 411, 412, 413, 414, 415, 416, 417, 418, 419, 420, 421, 422, 423, 424, 425, 426, 427, 428, 430, 431, 432, 433, 434, 436, 437, 439, 441, 442, 448, 449, 450, 452, 454, 455, 458, 459, 460, 461, 462, 463, 464, 465, 466, 467, 468, 469, 470, 471, 472, 473, 474, 475, 476, 477, 478, 479, 480, 481, 482, 483, 484, 485, 486, 487, 488, 489, 490, 491, 494, 495, 496, 497, 498, 499, 500, 501, 502, 503, 504, 505, 506, 507, 508, 509, 510, 511, 512, 513, 514, 515, 516, 517, 519, 520, 521, 522, 523, 524, 525, 527, 528, 532, 533, 534, 565, 566, 567, 568, 569, 570, 571, 572, 573, 574, 575, 577, 578, 598, 599, 604, 605, 606, 611, 612, 613, 616, 618, 623, 624, 625, 626, 627, 628, 629, 639, 645, 646, 653, 658, 659, 660, 661, 662, 663, 668, 669, 674, 675, 676, 678, 679, 680, 681, 682, 683, 686, 687, 691, 692, 693, 694, 696, 697, 698, 699, 700, 701, 702, 704, 705, 706, 707, 708, 709, 710, 711, 714, 723, 724, 725, 727, 728, 729, 730, 733, 734, 740, 741, 742, 743, 744, 745, 750, 751, 752, 753, 754, 755, 756, 757, 758, 759, 760, 761, 767, 768, 769, 772, 773, 775, 776, 777, 778, 779, 780, 786, 787, 795, 798, 827, 828, 830, 831, 835, 838, 839, 840, 841, 842, 846, 848, 849, 851, 852, 853, 854, 855, 859, 868, 870, 871, 872, 873, 875, 877, 880, 886, 887, 888, 889, 890, 891, 892, 893, 894, 895, 896, 897, 898, 899, 900, 901, 902, 903, 904, 905, 906, 907, 908, 909, 910, 911, 912, 913, 914, 915, 916, 917, 918, 919, 920, 921, 922, 923, 924, 925, 926, 927, 933, 934, 937, 939, 942, 943, 944, 945, 946, 947, 948, 949, 950, 951, 952, 953, 957, 958, 959, 961, 962, 966, 974, 975, 976, 979, 980, 981, 982, 983, 984, 985, 986, 988, 989, 990, 992, 994, 995, 996, 997, 998, 1000, 1001, 1003, 1005, 1011, 1012, 1017, 1018, 1030, 1032, 1033, 1034, 1035, 1036, 1037, 1041, 1042, 1045, 1049, 1054, 1055, 1056, 1059, 1060, 1061, 1062, 1063, 1064, 1065, 1066, 1067, 1068, 1069, 1070, 1071, 1072, 1073, 1074, 1075, 1076, 1077, 1078, 1079, 1080, 1087, 1089, 1090, 1091, 1092, 1093, 1095, 1096, 1097, 1098, 1099, 1100, 1101, 1102, 1103, 1104, 1105, 1106, 1107, 1109, 1112, 1120, 1122, 1124, 1125, 1128, 1129, 1130, 1131, 1132, 1133, 1134, 1135, 1136, 1137, 1138, 1139, 1140, 1141, 1142, 1143, 1144, 1145, 1146, 1147, 1148, 1149, 1150, 1151, 1152, 1153, 1154, 1155, 1156, 1157, 1158, 1159, 1160, 1161, 1162, 1163, 1164, 1165, 1166, 1167, 1168, 1169, 1170, 1171, 1172, 1173, 1174, 1175, 1176, 1177, 1178, 1179, 1180, 1181, 1182, 1183, 1184, 1185, 1186, 1187, 1188, 1189, 1190, 1191, 1192, 1193, 1194, 1195, 1196, 1197, 1198, 1199, 1200, 1201, 1202, 1203, 1204, 1205, 1221, 1222, 1223, 1224, 1228, 1229, 1230, 1231, 1235, 1236, 1237, 1238, 1239, 1240, 1241, 1242, 1243, 1244, 1262, 1263, 1265, 1266, 1267, 1268, 1269, 1270, 1271, 1272, 1273, 1277, 1278, 1286, 1287, 1288, 1292, 1293, 1294, 1295, 1296, 1297, 1298, 1299, 1300, 1301, 1302, 1305, 1306, 1307, 1308, 1309, 1311, 1314, 1320, 1322, 1323, 1324, 1325, 1326, 1327, 1330, 1331, 1334, 1337, 1338, 1339, 1341, 1343, 1344, 1346, 1347, 1349, 1350, 1351, 1353, 1354, 1355, 1358, 1363, 1365, 1378, 1381, 1382, 1383, 1389, 1423, 1432, 1915, 1916, 1917, 1918, 1919, 1920, 1921, 1922, 1923, 1924, 1925, 1926, 1927, 1928, 1929, 1930, 1931, 1932, 1933, 1934, 1935, 1936, 1937, 1938, 1939, 1940, 1941, 1942, 1943, 1944, 1945, 1946, 1947, 1948, 1949, 1950, 1951, 1952, 1953, 1954, 1955, 1956, 1957, 1958, 1959, 1960, 1961, 1962, 1963, 1964, 1965, 1966, 1967, 1968, 1969, 1970, 1971, 1972, 1973, 1974, 1975, 1976, 1977, 1978, 1980, 1982, 1984, 1986, 1988, 1990, 1992, 2000, 2004, 2007, 2009, 2011, 2013, 2014, 2015, 2016, 2017, 2018, 2019, 2020, 2021, 2022, 2023, 2024, 2025, 2026, 2027, 2028, 2029, 2030, 2031, 2032, 2033, 2034, 2035, 2036, 2037, 2038, 2041, 2042, 2044, 2046, 2048, 2052, 2053, 2054, 2056, 2057, 2059, 2064, 2069, 2070, 2071, 2072, 2073, 2074, 2075, 2076, 2077, 2078, 2079, 2080, 2081, 2082, 2083, 2084, 2085, 2089, 2090, 2091, 2092, 2093, 2094, 2095, 2096, 2097, 2098, 2099, 2100, 2101, 2102, 2103, 2104, 2105, 2106, 2107, 2108, 2109, 2110, 2111, 2112, 2113, 2114, 2115, 2116, 2117, 2118, 2119, 2120, 2124, 2126, 2128, 2131, 2132, 2133, 2134, 2135, 2136, 2137, 2138, 2139, 2140, 2141, 2144, 2145, 2146, 2147, 2148, 2149, 2150, 2159, 2160, 2161, 2162, 2163, 2164, 2165, 2166, 2167, 2168, 2169, 2170, 2171, 2172, 2173, 2174, 2175, 2176, 2177, 2178, 2179, 2180, 2181, 2194, 2195, 2196, 2197, 2198, 2199, 2205, 2206, 2207, 2209, 2210, 2211, 2212, 2214, 2215, 2219, 2220, 2221, 2223, 2224, 2225, 2226, 2227, 2239, 2240, 2241, 2244, 2250, 2253, 2254, 2255, 2257, 2258, 2259, 2261, 2262, 2263, 2264, 2266, 2267, 2268, 2270, 2271, 2276, 2279, 2280, 2281, 2283, 2286, 2287, 2288, 2289, 2290, 2291, 2296, 2297, 2299, 2300, 2302, 2303, 2304, 2305, 2307, 2308, 2309, 2310, 2311, 2312, 2313, 2314, 2315, 2316, 2318, 2322, 2323, 2324, 2326, 2380, 2385, 3406, 3407, 3408, 3409, 3410, 3411, 3412, 3413, 3414, 3415, 3416, 3417, 3418, 3419, 3420, 3421, 3422, 3423, 3424, 3425, 3426, 3427, 3428, 3429, 3430, 3431, 3432, 3433, 3434, 3435, 3436, 3437, 3438, 3439, 3440, 3441, 3442, 3443, 3444, 3445, 3446, 3447, 3448, 3449, 3450, 3451, 3452, 3453, 3454, 3455, 3456, 3457, 3458, 3459, 3460, 3461, 3462, 3463, 3464, 3465, 3466, 3467, 3468, 3469, 3470, 3471, 3472, 3590, 3591, 3592, 3593, 3594, 3595, 3596, 3597, 3599, 3603, 3604, 3605, 3606, 3607, 3608, 3609, 3610, 3611, 3612, 3613, 3614, 3615, 3616, 3617, 3618, 3619, 3620, 3621, 3622, 3623, 3624, 3625, 3626, 3627, 3628, 3629, 3630, 3631, 3632, 3633, 3634, 3635, 3636, 3637, 3638, 3639, 3640, 3641, 3642, 3643, 3644, 3645, 3646, 3647, 3648, 3649, 3650, 3651, 3652, 3653, 3654, 3656, 3657, 3659, 3663, 3664, 3665, 3668, 3670, 3672, 3676, 3678, 3680, 3683, 3685, 3687, 3689, 3691, 3693, 3695, 3697, 3701, 3702, 3703, 3704, 3706, 3707, 3708, 3709, 3710, 3711, 3712, 3713, 3714, 3715, 3716, 3717, 3718, 3719, 3721, 3722, 3723, 3724, 3725, 3726, 3727, 3728, 3729, 3730, 3731, 3732, 3733, 3734, 3735, 3737, 3738, 3739, 3740, 3742, 3743, 3744, 3745, 3746, 3747, 3749, 3750, 3751, 3752, 3753, 3754, 3755, 3756, 3757, 3758, 3759, 3761, 3762, 3763, 3764, 3765, 3766, 3767, 3768, 3769, 3770, 3771, 3772, 3773, 3774, 3775, 3776, 3777, 3778, 3779, 3780, 3781, 3782, 3783, 3784, 3785, 3786, 3787, 3788, 3789, 3790, 3791, 3792, 3794, 3800, 3801, 3802, 3803, 3804, 3805, 3806, 3807, 3808, 3809, 3810, 3811, 3812, 3816, 3817, 3821, 3822, 3823, 3824, 3825, 3828, 3831, 3832, 3833, 3834, 3837, 3838, 3840, 3841, 3842, 3843, 3844, 3847, 3848, 3849, 3850, 3857, 3858, 3859, 3860, 3867, 3868, 3869, 3870, 3876, 3877, 3878, 3879, 3881, 3882, 3883, 3884, 3885, 3886, 3887, 3888, 3889, 3890, 3891, 3921, 3922, 3923, 3925, 3926, 3929, 3935, 3938, 3942, 3944, 3954, 3955, 3956, 3962, 3965, 3983, 3985, 3986, 3987, 3989, 3993, 3996, 3997, 3999, 4001, 4002, 4005, 4007, 4011, 4013, 4014, 4015, 4033, 4034, 4035, 4036, 4038, 4039, 4040, 4041, 4043, 4044, 4049, 4051, 4052, 4053, 4054, 4057, 4081, 4083, 4086, 4092, 4102, 4103, 4104, 4106, 4107, 4110, 4118, 4120, 4124, 4129, 4130, 4131, 4132, 4135, 4138, 4145, 4149, 4151, 4152, 4153, 4154, 4155, 4156, 4159, 4160, 4161, 4163, 4166, 4170, 4174, 4175, 4176, 4177, 4179, 4181, 4182, 4183, 4184, 4185, 4186, 4187, 4188, 4191, 4192, 4193, 4195, 4196, 4197, 4199, 4200, 4203, 4204, 4205, 4206, 4207, 4208, 4210, 4211, 4213, 4214, 4215, 4217, 4219, 4220, 4221, 4223, 4224, 4225, 4227, 4228, 4229, 4231, 4232, 4233, 4234, 4237, 4238, 4240, 4241, 4242, 4243, 4244, 4245, 4246, 4247, 4248, 4249, 4250, 4251, 4252, 4253, 4254, 4255, 4256, 4258, 4259, 4260, 4261, 4262, 4263, 4264, 4265, 4266, 4269, 4270, 4271, 4272, 4273, 4274, 4275, 4276, 4277, 4278, 4279, 4280, 4282, 4283, 4284, 4286, 4287, 4288, 4289, 4291, 4292, 4293, 4294, 4295, 4296, 4297, 4298, 4299, 4301, 4302, 4303, 4304, 4305, 4306, 4307, 4309, 4310, 4311, 4312, 4313, 4314, 4317, 4318, 4319, 4320, 4321, 4322, 4323, 4324, 4325, 4326, 4328, 4329, 4330, 4332, 4334, 4335, 4336, 4337, 4338, 4339, 4340, 4341, 4342, 4343, 4344, 4345, 4346, 4348, 4349, 4350, 4351, 4353, 4354, 4355, 4356, 4357, 4358, 4360, 4361, 4362, 4363, 4364, 4365, 4366, 4367, 4368, 4369, 4370, 4371, 4372, 4373, 4374, 4375, 4376, 4377, 4378, 4379, 4380, 4381, 4382, 4383, 4384, 4385, 4386, 4387, 4388, 4389, 4390, 4391, 4392, 4393, 4394, 4395, 4396, 4397, 4398, 4399, 4400, 4401, 4402, 4403, 4404, 4405, 4406, 4407, 4408, 4409, 4410, 4411, 4412, 4413, 4414, 4415, 4416, 4417, 4418, 4419, 4420, 4421, 4422, 4423, 4424, 4425, 4426, 4427, 4428, 4429, 4430, 4431, 4432, 4433, 4434, 4435, 4436, 4437, 4438, 4439, 4440, 4441, 4442, 4443, 4444, 4445, 4446, 4447, 4448, 4449, 4450, 4451, 4452, 4453, 4454, 4455, 4456, 4457, 4458, 4459, 4460, 4461, 4462, 4463, 4464, 4465, 4466, 4467, 4468, 4469, 4470, 4471, 4472, 4473, 4474, 4475, 4476, 4477, 4478, 4479, 4480, 4481, 4482, 4483, 4484, 4485, 4486, 4487, 4488, 4489, 4490, 4491, 4492, 4493, 4494, 4495, 4496, 4497, 4498, 4499, 4500, 4501, 4502, 4503, 4504, 4505, 4506, 4507, 4508, 4509, 4510, 4511, 4512, 4513, 4514, 4515, 4516, 4517, 4518, 4519, 4520, 4521, 4522, 4523, 4524, 4525, 4526, 4527, 4528, 4529, 4530, 4531, 4532, 4533, 4534, 4535, 4536, 4537, 4538, 4539, 4540, 4541, 4542, 4543, 4544, 4545, 4546, 4547, 4548, 4549, 4550, 4551, 4552, 4553, 4554, 4555, 4556, 4557, 4558, 4559, 4560, 4561, 4562, 4563, 4564, 4565, 4566, 4567, 4568, 4569, 4570, 4571, 4572, 4573, 4574, 4575, 4576, 4577, 4578, 4579, 4580, 4581, 4582, 4583, 4584, 4585, 4586, 4587, 4588, 4589, 4590, 4591, 4592, 4593, 4594, 4595, 4596, 4597, 4598, 4599, 4600, 4601, 4602, 4603, 4604, 4605, 4606, 4607, 4608, 4609, 4610, 4611, 4612, 4613, 4614, 4615, 4616, 4617, 4618, 4619, 4620, 4621, 4622, 4623, 4624, 4625, 4626, 4627, 4628, 4629, 4630, 4631, 4632, 4633, 4634, 4635, 4636, 4637, 4638, 4639, 4640, 4641, 4642, 4643, 4644, 4645, 4646, 4647, 4648, 4649, 4650, 4651, 4652, 4653, 4654, 4655, 4656, 4657, 4658, 4659, 4660, 4661, 4662, 4663, 4664, 4665, 4666, 4667, 4668, 4669, 4670, 4671, 4672, 4673, 4674, 4675, 4676, 4677, 4678, 4679, 4680, 4681, 4682, 4683, 4684, 4685, 4686, 4687, 4688, 4689, 4690, 4691, 4693, 4694, 4695, 4696, 4697, 4698, 4699, 4700, 4701, 4702, 4703, 4704, 4705, 4706, 4707, 4708, 4709, 4710, 4711, 4712, 4713, 4714, 4715, 4716, 4717, 4718, 4719, 4720, 4721, 4722, 4723, 4724, 4725, 4726, 4727, 4728, 4729, 4730, 4731, 4732, 4733, 4734, 4735, 4736, 4737, 4738, 4739, 4740, 4741, 4742, 4743, 4744, 4745, 4746, 4747, 4748, 4749, 4750, 4751, 4752, 4753, 4754, 4755, 4756, 4757, 4758, 4759, 4760, 4763, 4765, 4766, 4768, 4771, 4773, 4777, 4778, 4779, 4780, 4782, 4784, 4786, 4787, 4788, 4789, 4790, 4791, 4795, 4797, 4798, 4799, 4800, 4801, 4803, 4804, 4805, 4806, 4807, 4808, 4809, 4810, 4811, 4812, 4814, 4815, 4816, 4817, 4820, 4821, 4822, 4823, 4824, 4825, 4826, 4827, 4828, 4829, 4830, 4831, 4833, 4834, 4835, 4836, 4837, 4838, 4839, 4840, 4841, 4843, 4844, 4845, 4846, 4848, 4849, 4850, 4851, 4852, 4854, 4855, 4856, 4858, 4859, 4860, 4863, 4864, 4865, 4866, 4867, 4869, 4871, 4873, 4874, 4878, 4879, 4881, 4883, 4884, 4885, 4886, 4889, 4890, 4892, 4893, 4894, 4896, 4897, 4898, 4899, 4901, 4903, 4904, 4905, 4906, 4907, 4908, 4909, 4915, 4916, 4918, 4920, 4921, 4923, 4926, 4927, 4928, 4929, 4931, 4932, 4933, 4935, 4936, 4937, 4939, 4941, 4943, 4948, 4949, 4951, 4953, 4954, 4957, 4958, 4959, 4960, 4961, 4962, 4963, 4964, 4965, 4966, 4967, 4968, 4969, 4970, 4971, 4972, 4973, 4974, 4975, 4976, 4977, 4978, 4979, 4980, 4981, 4982, 4983, 4984, 4985, 4986, 4987, 4988, 4989, 4990, 4991, 4992, 4993, 4994, 4995, 4996, 4997, 4998, 4999, 5000, 5001, 5002, 5003, 5004, 5005, 5006, 5007, 5008, 5009, 5010, 5011, 5012, 5013, 5014, 5040, 5041, 5042, 5043, 5044, 5045, 5046, 5047, 5048, 5049, 5050, 5051, 5052, 5053, 5054, 5055, 5056, 5057, 5058, 5059, 5060, 5061, 5062, 5063, 5064, 5065, 5066, 5067, 5068, 5069, 5070, 5071, 5106, 5107, 5108, 5109, 5110, 5111, 5112, 5113, 5114, 5115, 5116, 5117, 5118, 5119, 5120, 5121, 5122, 5123, 5124, 5125, 5126, 5127, 5128, 5129, 5130, 5131, 5132, 5133, 5134, 5135, 5136, 5137, 5138, 5139, 5140, 5141, 5151, 5152, 5153, 5162, 5163, 5164, 5165, 5170, 5171, 5172, 5176, 5177, 5183, 5184, 5196, 5197, 5202, 5203, 5207, 5213, 5214, 5243, 5244, 5245, 5246, 5247, 5248, 5256, 5258, 5260, 5261, 5262, 5263, 5264, 5265, 5267, 5268, 5306, 5308, 5309, 5310, 5311, 5312, 5313, 5314, 5319, 5320, 5321, 5322, 5323, 5324, 5355, 5356, 5359, 5361, 5364, 5392, 5395, 5397, 5399, 5400, 5401, 5402, 5403, 5404, 5405, 5406, 5407, 5408, 5409, 5410, 5411, 5412, 5413, 5414, 5415, 5416, 5417, 5418, 5419, 5420, 5421, 5422, 5423, 5424, 5425, 5426, 5427, 5428, 5429, 5430, 5431, 5432, 5433, 5434, 5435, 5436, 5437, 5438, 5439, 5440, 5441, 5442, 5443, 5444, 5445, 5446, 5447, 5448, 5449, 5450, 5451, 5452, 5453, 5454, 5455, 5456, 5457, 5458, 5459, 5460, 5461, 5462, 5491, 5492, 5493, 5494, 5495, 5496, 5519, 5520, 5521, 5522, 5523, 5524, 5528, 5531, 5533, 5534, 5535, 5536, 5537, 5541, 5542, 5543, 5544, 5545, 5546, 5547, 5548, 5557, 5559, 5560, 5562, 5567, 5568, 5570, 5571, 5573, 5574, 5575, 5576, 5578, 5579, 5580, 5581, 5582, 5583, 5585, 5586, 5588, 5589, 5600, 5601, 5602, 5604, 5606, 5608, 5609, 5610, 5616, 5617, 5618, 5619, 5620, 5622, 5623, 5624, 5625, 5626, 5627, 5628, 5629, 5630, 5631, 5632, 5633, 5634, 5635, 5636, 5637, 5638, 5639, 5640, 5643, 5645, 5646, 5647, 5649, 5650, 5655, 5656, 5657, 5658, 5659, 5660, 5661, 5663, 5664, 5665, 5666, 5668, 5669, 5674, 5675, 5677, 5678, 5679, 5680, 5681, 5682, 5684, 5685, 5687, 5688, 5689, 5690, 5691, 5692, 5693, 5694, 5695, 5696, 5697, 5698, 5703, 5704, 5705, 5706, 5707, 5708, 5709, 5710, 5711, 5712, 5714, 5719, 5721, 5734, 5736, 5737, 5739, 5740, 5750, 5761, 5762, 5763, 5764, 5765, 5766, 5767, 5768, 5810, 5811, 5813, 5821, 5822, 5828, 5829, 5832, 5837, 5841, 5842, 5846, 5849, 5853, 5855, 5859, 5860, 5862, 5865, 5867, 5872, 5873, 5874, 5875, 5876, 5877, 5878, 5879, 5880, 5883, 5884, 5885, 5886, 5887, 5888, 5889, 5890, 5891, 5892, 5893, 5894, 5895, 5896, 5898, 5899, 5900, 5901, 5902, 5903, 5904, 5905, 5906, 5907, 5908, 5909, 5910, 5911, 5914, 5915, 5917, 5918, 5920, 5921, 5922, 5923, 5924, 5925, 5926, 5927, 5928, 5929, 5930, 5931, 5934, 5935, 5936, 5937, 5938, 5939, 5941, 5942, 5943, 5944, 5945, 5946, 5947, 5948, 5949, 5950, 5951, 5952, 5953, 5954, 5956, 5957, 5958, 5959, 5960, 5961, 5962, 5963, 5964, 5965, 5966, 5967, 5968, 5969, 5970, 5971, 5972, 5973, 5976, 5977, 5978, 5979, 5980, 5981, 5982, 5983, 5986, 5987, 5988, 5989, 5990, 5991, 5992, 5993, 5994, 5995, 5998, 5999, 6000, 6001, 6002, 6003, 6004, 6005, 6006, 6007, 6008, 6009, 6010, 6011, 6012, 6013, 6014, 6015, 6016, 6017, 6018, 6019, 6020, 6021, 6022, 6027, 6028, 6030, 6031, 6033, 6034, 6035, 6037, 6038, 6039, 6040, 6041, 6042, 6043, 6044, 6045, 6046, 6047, 6048, 6049, 6050, 6051, 6052, 6054, 6056, 6057, 6058, 6059, 6060, 6061, 6062, 6063, 6064, 6065, 6066, 6067, 6068, 6069, 6070, 6071, 6072, 6073, 6074, 6075, 6076, 6077, 6078, 6080, 6082, 6083, 6085, 6087, 6088, 6090, 6092, 6093, 6095, 6097, 6098, 6100, 6102, 6103, 6104, 6105, 6106, 6107, 6108, 6109, 6110, 6111, 6112, 6113, 6114, 6115, 6117, 6118, 6119, 6120, 6121, 6125, 6128, 6130, 6132, 6136, 6138, 6140, 6141, 6142, 6143, 6144, 6145, 6146, 6147, 6148, 6149, 6150, 6151, 6152, 6174, 6175, 6176, 6177, 6178, 6179, 6189, 6193, 6195, 6198, 6200, 6205, 6206, 6211, 6214, 6219, 6222, 6227, 6230, 6233, 6238, 6242, 6244, 6246, 6248, 6250, 6252, 6254, 6258, 6259, 6260, 6261, 6262, 6263, 6265, 6266, 6269, 6270, 6273, 6274, 6277, 6280, 6284, 6288, 6289, 6290, 6291, 6292, 6293, 6294, 6295, 6296, 6297, 6298, 6299, 6300, 6301, 6303, 6304, 6305, 6306, 6307, 6308, 6309, 6310, 6311, 6312, 6313, 6314, 6315, 6316, 6317, 6318, 6319, 6320, 6321, 6322, 6323, 6324, 6325, 6326, 6327, 6328, 6329, 6330, 6331, 6332, 6333, 6334, 6335, 6336, 6337, 6338, 6339, 6340, 6341, 6342, 6343, 6344, 6345, 6346, 6347, 6348, 6349, 6350, 6351, 6352, 6353, 6354, 6355, 6356, 6357, 6360, 6361, 6362, 6363, 6365, 6367, 6368, 6369, 6371, 6372, 6373, 6374, 6375, 6376, 6377, 6378, 6379, 6381, 6383, 6384, 6385, 6386, 6387, 6388, 6389, 6390, 6391, 6392, 6393, 6394, 6396, 6398, 6399, 6400, 6402, 6404, 6405, 6407, 6411, 6412, 6414, 6416, 6417, 6418, 6419, 6420, 6421, 6422, 6423, 6424, 6425, 6428, 6429, 6430, 6431, 6432, 6433, 6443, 6447, 6448, 6449, 6450, 6451, 6452, 6453, 6455, 6456, 6457, 6460, 6461, 6462, 6463, 6464, 6465, 6466, 6467, 6468, 6471, 6475, 6476, 6477, 6481, 6482, 6483, 6494, 6508, 6509, 6510, 6511, 6512, 6513, 6514, 6515, 6516, 6517, 6518, 6519, 6520, 6521, 6522, 6523, 6524, 6525, 6526, 6527, 6528, 6529, 6530, 6531, 6532, 6533, 6534, 6535, 6536, 6537, 6538, 6539, 6540, 6541, 6542, 6543, 6544, 6545, 6546, 6547, 6548, 6549, 6550, 6551, 6552, 6553, 6554, 6555, 6556, 6557, 6558, 6559, 6560, 6561, 6562, 6563, 6564, 6565, 6566, 6567, 6568, 6569, 6570, 6571, 6572, 6573, 6574, 6575, 6576, 6577, 6578, 6579, 6580, 6581, 6582, 6583, 6584, 6585, 6586, 6587, 6588, 6589, 6590, 6591, 6592, 6593, 6594, 6595, 6596, 6597, 6598, 6599, 6600, 6601, 6602, 6603, 6604, 6605, 6606, 6607, 6608, 6609, 6610, 6611, 6612, 6613, 6614, 6615, 6616, 6617, 6618, 6619, 6620, 6621, 6622, 6623, 6624, 6625, 6626, 6627, 6628, 6629, 6630, 6631, 6632, 6633, 6634, 6635, 6636, 6637, 6638, 6639, 6640, 6641, 6642, 6643, 6644, 6645, 6646, 6647, 6648, 6649, 6650, 6651, 6652, 6653, 6654, 6655, 6656, 6657, 6658, 6659, 6660, 6661, 6662, 6663, 6664, 6665, 6666, 6667, 6668, 6669, 6670, 6671, 6672, 6673, 6674, 6675, 6676, 6677, 6678, 6679, 6680, 6681, 6682, 6683, 6684, 6685, 6686, 6687, 6688, 6689, 6690, 6691, 6692, 6693, 6694, 6695, 6696, 6697, 6698, 6699, 6700, 6701, 6702, 6703, 6704, 6705, 6706, 6707, 6708, 6709, 6710, 6711, 6712, 6713, 6714, 6715, 6716, 6717, 6718, 6719, 6720, 6721, 6722, 6723, 6724, 6725, 6726, 6727, 6728, 6729, 6730, 6731, 6732, 6733, 6734, 6735, 6736, 6737, 6738, 6739, 6740, 6741, 6742, 6743, 6744, 6745, 6746, 6747, 6748, 6749, 6750, 6751, 6752, 6753, 6754, 6755, 6756, 6757, 6759, 6760, 6761, 6762, 6763, 6764, 6765, 6766, 6767, 6768, 6769, 6770, 6771, 6772, 6773, 6774, 6775, 6776, 6777, 6778, 6779, 6780, 6781, 6782, 6783, 6784, 6785, 6786, 6787, 6788, 6789, 6790, 6791, 6792, 6793, 6794, 6795, 6796, 6797, 6798, 6799, 6800, 6801, 6802, 6803, 6804, 6805, 6806, 6807, 6808, 6809, 6810, 6811, 6812, 6813, 6814, 6815, 6816, 6817, 6818, 6819, 6820, 6821, 6822, 6823, 6824, 6825, 6826, 6827, 6828, 6829, 6830, 6831, 6832, 6835, 6836, 6837, 6838, 6839, 6840, 6841, 6842, 6843, 6844, 6845, 6846, 6847, 6848, 6849, 6850, 6851, 6852, 6853, 6854, 6855, 6856, 6857, 6858, 6859, 6860, 6861, 6862, 6863, 6864, 6865, 6866, 6868, 6869, 6871, 6872, 6873, 6874, 6875, 6876, 6877, 6878, 6879, 6880, 6881, 6883, 6884, 6885, 6886, 6887, 6888, 6889, 6890, 6892, 6893, 6894, 6896, 6897, 6898, 6899, 6900, 6901, 6902, 6903, 6904, 6905, 6906, 6907, 6908, 6909, 6910, 6911, 6912, 6913, 6914, 6915, 6916, 6917, 6918, 6919, 6920, 6921, 6922, 6923, 6924, 6925, 6926, 6927, 6929, 6930, 6931, 6932, 6933, 6934, 6935, 6936, 6938, 6940, 6942, 6944, 6946, 6948, 6949, 6951, 6953, 6955, 6957, 6959, 6961, 6963, 6965, 6967, 6969, 6971, 6972, 6974, 6976, 6978, 6980, 6981, 6982, 6983, 6984, 6985, 6986, 6987, 6988, 6989, 6990, 6991, 6992, 6993, 6994, 6995, 6996, 6997, 6998, 6999, 7000, 7001, 7002, 7003, 7004, 7005, 7006, 7007, 7008, 7009, 7010, 7011, 7012, 7013, 7014, 7015, 7016, 7017, 7018, 7019, 7020, 7021, 7022, 7023, 7024, 7025, 7026, 7027, 7028, 7029, 7030, 7031, 7032, 7033, 7034, 7035, 7036, 7037, 7038, 7039, 7040, 7041, 7042, 7043, 7044, 7045, 7046, 7047, 7048, 7049, 7050, 7051, 7052, 7053, 7054, 7055, 7056, 7057, 7058, 7059, 7060, 7061, 7062, 7063, 7064, 7065, 7066, 7067, 7068, 7069, 7070, 7071, 7072, 7073, 7074, 7075, 7076, 7077, 7078, 7079, 7080, 7081, 7082, 7083, 7084, 7085, 7086, 7087, 7088, 7089, 7090, 7091, 7092, 7093, 7094, 7095, 7096, 7097, 7098, 7099, 7100, 7101, 7102, 7103, 7104, 7105, 7106, 7107, 7108, 7109, 7110, 7111, 7112, 7113, 7114, 7115, 7116, 7117, 7118, 7119, 7120, 7121, 7122, 7123, 7124, 7125, 7126, 7127, 7128, 7129, 7130, 7131, 7132, 7133, 7134, 7135, 7136, 7137, 7138, 7139, 7140, 7141, 7142, 7143, 7144, 7145, 7146, 7147, 7148, 7149, 7150, 7151, 7152, 7153, 7154, 7155, 7156, 7157, 7158, 7159, 7160, 7161, 7162, 7163, 7164, 7165, 7166, 7167, 7168, 7169, 7170, 7171, 7172, 7173, 7174, 7175, 7176, 7177, 7178, 7179, 7180, 7181, 7182, 7183, 7184, 7185, 7186, 7187, 7188, 7189, 7190, 7191, 7192, 7193, 7194, 7195, 7196, 7197, 7198, 7199, 7200, 7201, 7202, 7203, 7204, 7205, 7206, 7207, 7208, 7209, 7210, 7211, 7212, 7213, 7214, 7215, 7216, 7217, 7218, 7219, 7220, 7221, 7222, 7223, 7224, 7225, 7226, 7227, 7228, 7229, 7230, 7231, 7232, 7233, 7234, 7235, 7236, 7237, 7238, 7239, 7240, 7241, 7242, 7243, 7244, 7245, 7246, 7247, 7248, 7249, 7250, 7251, 7252, 7253, 7254, 7255, 7256, 7257, 7258, 7259, 7260, 7261, 7262, 7263, 7264, 7265, 7266, 7267, 7268, 7269, 7270, 7271, 7272, 7273, 7274, 7275, 7276, 7277, 7278, 7279, 7280, 7281, 7282, 7283, 7284, 7285, 7286, 7287, 7288, 7289, 7290, 7291, 7292, 7293, 7294, 7295, 7296, 7297, 7298, 7299, 7300, 7301, 7302, 7303, 7304, 7305, 7306, 7307, 7308, 7309, 7310, 7311, 7312, 7313, 7314, 7315, 7316, 7317, 7318, 7319, 7320, 7321, 7322, 7323, 7324, 7325, 7326, 7327, 7328, 7329, 7330, 7331, 7332, 7333, 7334, 7335, 7336, 7337, 7338, 7339, 7340, 7341, 7342, 7343, 7344, 7345, 7346, 7347, 7348, 7349, 7350, 7351, 7352, 7353, 7354, 7355, 7356, 7357, 7358, 7359, 7360, 7361, 7362, 7363, 7364, 7365, 7366, 7367, 7368, 7369, 7370, 7371, 7372, 7373, 7374, 7375, 7376, 7377, 7378, 7379, 7380, 7381, 7382, 7383, 7384, 7385, 7386, 7387, 7388, 7389, 7390, 7391, 7392, 7393, 7394, 7395, 7396, 7397, 7398, 7399, 7400, 7401, 7402, 7403, 7404, 7405, 7406, 7407, 7408, 7409, 7410, 7411, 7412, 7413, 7414, 7415, 7416, 7417, 7418, 7419, 7420, 7421, 7422, 7423, 7424, 7425, 7426, 7427, 7428, 7429, 7430, 7431, 7432, 7433, 7434, 7435, 7436, 7437, 7438, 7439, 7440, 7441, 7442, 7443, 7444, 7445, 7446, 7447, 7448, 7449, 7450, 7451, 7452, 7453, 7454, 7455, 7456, 7457, 7458, 7459, 7460, 7461, 7462, 7463, 7464, 7465, 7466, 7467, 7468, 7469, 7470, 7471, 7472, 7473, 7474, 7475, 7476, 7477, 7478, 7479, 7480, 7481, 7482, 7483, 7484, 7485, 7486, 7487, 7488, 7489, 7490, 7491, 7492, 7493, 7494, 7495, 7496, 7497, 7498, 7499, 7500, 7501, 7502, 7503, 7504, 7505, 7506, 7507, 7508, 7509, 7510, 7511, 7512, 7513, 7514, 7515, 7516, 7517, 7518, 7519, 7520, 7522, 7523, 7524, 7525, 7526, 7527, 7528, 7529, 7530, 7531, 7532, 7533, 7534, 7535, 7536, 7537, 7538, 7539, 7540, 7541, 7542, 7543, 7544, 7545, 7546, 7547, 7548, 7549, 7550, 7551, 7552, 7553, 7554, 7555, 7556, 7557, 7558, 7559, 7560, 7561, 7562, 7563, 7564, 7565, 7566, 7567, 7568, 7569, 7570, 7571, 7572, 7573, 7574, 7575, 7576, 7577, 7578, 7579, 7580, 7581, 7582, 7583, 7584, 7585, 7586, 7587, 7588, 7589, 7590, 7591, 7592, 7593, 7594, 7595, 7596, 7597, 7598, 7599, 7600, 7601, 7602, 7603, 7604, 7605, 7606, 7607, 7608, 7609, 7610, 7611, 7612, 7613, 7614, 7615, 7616, 7617, 7618, 7619, 7620, 7621, 7622, 7623, 7624, 7625, 7626, 7627, 7628, 7629, 7630, 7631, 7632, 7633, 7634, 7635, 7636, 7637, 7638, 7639, 7640, 7641, 7642, 7643, 7644, 7645, 7646, 7647, 7648, 7649, 7650, 7651, 7652, 7653, 7654, 7655, 7656, 7657, 7658, 7659, 7660, 7661, 7662, 7663, 7664, 7665, 7666, 7667, 7668, 7669, 7670, 7671, 7672, 7673, 7674, 7675, 7676, 7677, 7678, 7679, 7680, 7681, 7682, 7683, 7684, 7685, 7686, 7687, 7688, 7689, 7690, 7691, 7692, 7693, 7694, 7695, 7696, 7697, 7698, 7699, 7700, 7701, 7702, 7703, 7704, 7705, 7706, 7707, 7708, 7709, 7710, 7711, 7712, 7713, 7714, 7715, 7716, 7717, 7719, 7720, 7721, 7722, 7723, 7724, 7725, 7726, 7727, 7728, 7729, 7730, 7731, 7732, 7733, 7734, 7735, 7736, 7737, 7738, 7739, 7740, 7741, 7742, 7743, 7744, 7746, 7747, 7748, 7749, 7750, 7751, 7752, 7753, 7754, 7755, 7756, 7757, 7758, 7759, 7760, 7761, 7762, 7763, 7764, 7765, 7766, 7767, 7768, 7769, 7770, 7771, 7772, 7773, 7774, 7775, 7776, 7777, 7778, 7779, 7780, 7781, 7782, 7783, 7784, 7785, 7786, 7787, 7788, 7789, 7790, 7791, 7792, 7793, 7794, 7795, 7796, 7797, 7798, 7799, 7800, 7801, 7802, 7803, 7804, 7805, 7806, 7807, 7808, 7809, 7810, 7811, 7812, 7813, 7814, 7815, 7816, 7817, 7818, 7819, 7820, 7821, 7822, 7823, 7824, 7825, 7826, 7827, 7828, 7829, 7830, 7831, 7832, 7833, 7834, 7835, 7836, 7837, 7838, 7839, 7840, 7841, 7842, 7843, 7844, 7845, 7846, 7847, 7848, 7849, 7850, 7851, 7852, 7853, 7854, 7855, 7856, 7857, 7858, 7859, 7860, 7861, 7862, 7863, 7864, 7865, 7866, 7867, 7868, 7869, 7870, 7871, 7872, 7873, 7874, 7875, 7876, 7877, 7878, 7879, 7880, 7881, 7882, 7883, 7884, 7885, 7886, 7887, 7888, 7889, 7890, 7891, 7892, 7893, 7894, 7895, 7896, 7897, 7898, 7899, 7900, 7901, 7902, 7903, 7904, 7905, 7906, 7907, 7908, 7909, 7910, 7911, 7912, 7913, 7914, 7915, 7916, 7917, 7918, 7919, 7920, 7921, 7922, 7923, 7924, 7925, 7926, 7927, 7928, 7929, 7930, 7931, 7932, 7933, 7934, 7935, 7936, 7937, 7938, 7939, 7940, 7941, 7942, 7943, 7944, 7945, 7946, 7947, 7948, 7949, 7950, 7951, 7952, 7953, 7954, 7955, 7956, 7957, 7958, 7959, 7960, 7961, 7962, 7963, 7964, 7965, 7966, 7967, 7969, 7970, 7972, 7974, 7975, 7976, 7978, 7979, 7981, 7982, 7983, 7984, 7985, 7986, 7987, 7988, 7989, 7990, 7991, 7992, 7993, 7994, 7995, 7996, 7997, 7998, 7999, 8000, 8001, 8002, 8003, 8004, 8005, 8006, 8007, 8008, 8009, 8010, 8011, 8012, 8013, 8014, 8015, 8016, 8017, 8019, 8020, 8021, 8022, 8023, 8024, 8025, 8026, 8027, 8028, 8029, 8030, 8031, 8032, 8033, 8034, 8035, 8036, 8037, 8038, 8039, 8040, 8041, 8042, 8043, 8044, 8045, 8046, 8047, 8048, 8049, 8050, 8051, 8052, 8053, 8054, 8055, 8056, 8057, 8058, 8059, 8060, 8061, 8062, 8063, 8064, 8065, 8066, 8067, 8068, 8069, 8070, 8071, 8072, 8073, 8074, 8075, 8076, 8077, 8078, 8079, 8080, 8081, 8082, 8083, 8084, 8085, 8086, 8087, 8088, 8089, 8090, 8091, 8092, 8093, 8094, 8095, 8096, 8097, 8098, 8099, 8100, 8101, 8102, 8103, 8104, 8105, 8106, 8107, 8108, 8109, 8110, 8111, 8112, 8113, 8114, 8115, 8116, 8117, 8118, 8119, 8120, 8121, 8122, 8123, 8124, 8125, 8126, 8127, 8128, 8129, 8130, 8131, 8132, 8133, 8134, 8135, 8136, 8137, 8138, 8139, 8140, 8141, 8142, 8143, 8144, 8145, 8146, 8147, 8148, 8149, 8150, 8151, 8152, 8153, 8154, 8155, 8156, 8157, 8158, 8159, 8160, 8161, 8162, 8163, 8164, 8165, 8166, 8167, 8168, 8169, 8170, 8171, 8172, 8173, 8174, 8175, 8176, 8177, 8178, 8179, 8180, 8181, 8182, 8183, 8184, 8185, 8186, 8187, 8188, 8189, 8190, 8191, 8192, 8193, 8194, 8195, 8196, 8197, 8198, 8199, 8200, 8201, 8202, 8203, 8204, 8205, 8206, 8207, 8208, 8209, 8210, 8211, 8212, 8213, 8214, 8215, 8216, 8217, 8218, 8219, 8220, 8221, 8222, 8223, 8224, 8225, 8226, 8227, 8228, 8229, 8230, 8231, 8232, 8233, 8234, 8235, 8236, 8237, 8238, 8239, 8240, 8241, 8242, 8243, 8244, 8245, 8246, 8247, 8248, 8249, 8250, 8251, 8252, 8253, 8254, 8255, 8256, 8257, 8258, 8259, 8260, 8261, 8262, 8263, 8264, 8265, 8266, 8267, 8268, 8269, 8270, 8271, 8272, 8273, 8274, 8275, 8319, 8320, 8321, 8322, 8323, 8324, 8325, 8326, 8327, 8328, 8329, 8330, 8331, 8332, 8333, 8334, 8335, 8336, 8337, 8368, 8369, 8372, 8373, 8379, 8380, 8381, 8382, 8383, 8384, 8385, 8386, 8387, 8388, 8389, 8390, 8391, 8392, 8393, 8394, 8395, 8396, 8397, 8398, 8399, 8400, 8401, 8402, 8403, 8404, 8405, 8406, 8407, 8408, 8409, 8410, 8411, 8412, 8413, 8414, 8415, 8416, 8417, 8418, 8419, 8420, 8421, 8422, 8423, 8424, 8425, 8426, 8427, 8428, 8429, 8430, 8431, 8432, 8433, 8434, 8435, 8436, 8437, 8438, 8439, 8440, 8441, 8442, 8443, 8444, 8445, 8446, 8447, 8448, 8449, 8450, 8451, 8452, 8453, 8454, 8455, 8456, 8457, 8458, 8459, 8460, 8461, 8462, 8463, 8464, 8465, 8466, 8467, 8468, 8469, 8470, 8471, 8472, 8473, 8474, 8475, 8476, 8477, 8478, 8479, 8480, 8481, 8482, 8483, 8484, 8485, 8486, 8487, 8488, 8489, 8490, 8491, 8492, 8493, 8494, 8495, 8496, 8497, 8498, 8499, 8500, 8501, 8502, 8503, 8504, 8505, 8506, 8507, 8509, 8510, 8511, 8512, 8513, 8514, 8515, 8516, 8517, 8518, 8519, 8520, 8521, 8522, 8523, 8524, 8525, 8526, 8527, 8528, 8529, 8530, 8531, 8532, 8533, 8534, 8535, 8536, 8537, 8538, 8539, 8540, 8541, 8542, 8543, 8544, 8545, 8546, 8547, 8548, 8549, 8550, 8551, 8552, 8553, 8554, 8555, 8556, 8557, 8558, 8559, 8560, 8561, 8562, 8563, 8564, 8565, 8566, 8567, 8568, 8569, 8570, 8571, 8572, 8573, 8574, 8575, 8576, 8577, 8578, 8579, 8580, 8581, 8582, 8583, 8584, 8585, 8586, 8587, 8628, 8629, 8630, 8631, 8633, 8634, 8635, 8636, 8637, 8638, 8639, 8640, 8641, 8642, 8643, 8644, 8645, 8646, 8647, 8648, 8649, 8650, 8651, 8652, 8653, 8654, 8655, 8656, 8657, 8658, 8659, 8660, 8661, 8662, 8663, 8664, 8665, 8666, 8667, 8668, 8669, 8670, 8671, 8672, 8674, 8675, 8676, 8677, 8678, 8679, 8680, 8681, 8682, 8683, 8684, 8685, 8686, 8687, 8688, 8689, 8690, 8691, 8692, 8693, 8694, 8695, 8696, 8697, 8698, 8699, 8700, 8701, 8702, 8703, 8704, 8705, 8706, 8707, 8708, 8709, 8710, 8711, 8712, 8713, 8714, 8715, 8716, 8717, 8718, 8719, 8720, 8721, 8722, 8723, 8724, 8725, 8726, 8727, 8728, 8729, 8730, 8731, 8732, 8733, 8734, 8735, 8736, 8737, 8738, 8739, 8740, 8741, 8742, 8743, 8744, 8745, 8746, 8747, 8748, 8749, 8750, 8751, 8752, 8753, 8754, 8755, 8756, 8757, 8758, 8759, 8760, 8761, 8762, 8763, 8764, 8765, 8766, 8767, 8768, 8769, 8770, 8771, 8772, 8773, 8774, 8775, 8776, 8777, 8778, 8779, 8780, 8781, 8782, 8783, 8784, 8785, 8786, 8787, 8788, 8789, 8790, 8791, 8792, 8793, 8794, 8795, 8796, 8797, 8798, 8799, 8800, 8801, 8802, 8803, 8804, 8805, 8806, 8807, 8808, 8809, 8810, 8811, 8812, 8813, 8814, 8815, 8816, 8817, 8818, 8819, 8820, 8821, 8822, 8823, 8824, 8825, 8826, 8827, 8832, 8833, 8834, 8835, 8836, 8837, 8838, 8839, 8840, 8841, 8842, 8843, 8844, 8845, 8846, 8847, 8848, 8849, 8850, 8851, 8852, 8853, 8854, 8855, 8856, 8857, 8858, 8859, 8860, 8861, 8862, 8863, 8864, 8865, 8866, 8867, 8868, 8869, 8870, 8871, 8872, 8873, 8874, 8875, 8876, 8877, 8878, 8879, 8880, 8881, 8882, 8883, 8884, 8885, 8886, 8887, 8888, 8889, 8890, 8891, 8892, 8893, 8894, 8895, 8896, 8897, 8898, 8899, 8900, 8901, 8902, 8903, 8904, 8905, 8906, 8907, 8908, 8909, 8910, 8911, 8912, 8913, 8914, 8915, 8916, 8917, 8918, 8919, 8920, 8921, 8922, 8923, 8924, 8925, 8926, 8927, 8928, 8929, 8981, 8982, 8983, 8984, 8986, 8987, 8988, 8989, 8990, 8991, 8992, 8993, 8994, 8995, 8996, 8997, 8998, 8999, 9000, 9001, 9002, 9003, 9004, 9005, 9006, 9007, 9008, 9009, 9010, 9011, 9012, 9013, 9014, 9015, 9016, 9129, 9132, 9133, 9134, 9135, 9136, 9137, 9138, 9139, 9140, 9141, 9142, 9143, 9145, 9146, 9147, 9149, 9150, 9151, 9152, 9153, 9154, 9155, 9156, 9157, 9158, 9159, 9160, 9161, 9162, 9163, 9164, 9165, 9166, 9167, 9168, 9169, 9170, 9171, 9172, 9173, 9174, 9175, 9176, 9177, 9178, 9179, 9180, 9181, 9182, 9183, 9184, 9185, 9186, 9187, 9188, 9189, 9190, 9191, 9192, 9193, 9194, 9195, 9196, 9197, 9198, 9199, 9200, 9201, 9202, 9203, 9204, 9205, 9207, 9209, 9210, 9211, 9212, 9214, 9216, 9217, 9219, 9220, 9221, 9222, 9224, 9225, 9226, 9227, 9228, 9229, 9230, 9231, 9232, 9233, 9234, 9235, 9236, 9237, 9238, 9239, 9240, 9241, 9242, 9243, 9244, 9245, 9246, 9248, 9249, 9250, 9251, 9252, 9253, 9254, 9255, 9256, 9257, 9259, 9260, 9261, 9262, 9263, 9264, 9265, 9266, 9267, 9268, 9270, 9271, 9274, 9275, 9276, 9277, 9278, 9279, 9281, 9282, 9284, 9285, 9286, 9287, 9288, 9289, 9290, 9292, 9293, 9294, 9295, 9296, 9297, 9298, 9299, 9300, 9301, 9302, 9303, 9304, 9305, 9306, 9307, 9308, 9309, 9310, 9311, 9312, 9313, 9316, 9317, 9318, 9320, 9321, 9322, 9323, 9324, 9325, 9326, 9327, 9328, 9329, 9330, 9332, 9333, 9334, 9335, 9336, 9337, 9339, 9340, 9341, 9342, 9346, 9347, 9348, 9350, 9351, 9352, 9353, 9354, 9355, 9356, 9357, 9358, 9359, 9360, 9362, 9363, 9364, 9365, 9367, 9369, 9370, 9371, 9372, 9373, 9374, 9375, 9376, 9378, 9379, 9381, 9383, 9384, 9385, 9386, 9388, 9389, 9391, 9392, 9393, 9394, 9395, 9396, 9397, 9398, 9399, 9401, 9407, 9408, 9409, 9411, 9412, 9414, 9415, 9417, 9418, 9419, 9420, 9421, 9427, 9433, 9434, 9438, 9440, 9443, 9444, 9446, 9447, 9450, 9451, 9452, 9453, 9457, 9458, 9459, 9460, 9461, 9463, 9466, 9467, 9468, 9475, 9476, 9721, 9726, 9728, 9729, 9730, 9731, 9734, 9735, 9736, 9737, 9738, 9739, 9740, 9741, 9743, 9744, 9745, 9746, 9748, 9752, 9753, 9757, 9758, 9759, 9760, 9765, 9768, 9769, 9770, 9771, 9772, 9773, 9774, 9775, 9776, 9777, 9778, 9779, 9780, 9781, 9782, 9783, 9784, 9785, 9786, 9787, 9788, 9789, 9790, 9791, 9792, 9793, 9794, 9795, 9796, 9797, 9798, 9799, 9800, 9801, 9802, 9803, 9804, 9806, 9808, 9809, 9810, 9811, 9812, 9813, 9814, 9815, 9817, 9819, 9821, 9822, 9825, 9827, 9828, 9829, 9830, 9831, 9832, 9833, 9834, 9835, 9836, 9837, 9846, 9851, 9852, 9853, 9854, 9855, 9856, 9864, 9865, 9866, 9867, 9893, 9900, 9903, 9908, 9909, 9910, 9911, 9913, 9954, 9955, 9959, 9962, 9963, 9965, 9968, 9969, 9970, 9973, 9974, 9975, 9976, 9977, 9978, 9979, 9981, 9982, 9983, 9984, 9985, 9986, 9987, 9988, 9989, 9990, 9991, 9992, 9993, 9994, 9995, 9996, 9997, 9998, 9999, 10000, 10001, 10002, 10003, 10004, 10005, 10006, 10007, 10008, 10009, 10010, 10011, 10012, 10014, 10015, 10016, 10017, 10018, 10019, 10020, 10021, 10022, 10023, 10024, 10029, 10052, 10053, 10054, 10055, 10056, 10057, 10058, 10059, 10060, 10062, 10063, 10064, 10065, 10066, 10067, 10068, 10069, 10070, 10071, 10072, 10073, 10074, 10075, 10077, 10079, 10080, 10222, 10223, 10224, 10225, 10316, 10317, 10318, 10319, 10320, 10321, 10322, 10323, 10324, 10325, 10326, 10327, 10328, 10329, 10330, 10331, 10332, 10333, 10334, 10335, 10336, 10337, 10338, 10339, 10340, 10341, 10342, 10343, 10344, 10345, 10346, 10347, 10348, 10349, 10350, 10365, 10366, 10367, 10368, 10369, 10370, 10371, 10372, 10373, 10374, 10375, 10376, 10377, 10378, 10379, 10380, 10381, 10382, 10383, 10384, 10385, 10386, 10387, 10388, 10389, 10390, 10391, 10392, 10393, 10394, 10396, 10397, 10398, 10399, 10400, 10401, 10402, 10404, 10447, 10448, 10449, 10450, 10451, 10452, 10453, 10454, 10455, 10456, 10457, 10458, 10459, 10460, 10461, 10462, 10463, 10464, 10465, 10466, 10467, 10468, 10469, 10470, 10471, 10472, 10473, 10474, 10475, 10476, 10477, 10478, 10479, 10480, 10481, 10482, 10483, 10484, 10485, 10486, 10487, 10488, 10489, 10490, 10491, 10492, 10493, 10494, 10495, 10496, 10497, 10498, 10499, 10500, 10501, 10502, 10503, 10504, 10505, 10506, 10507, 10508, 10509, 10510, 10511, 10512, 10513, 10514, 10515, 10516, 10517, 10518, 10519, 10520, 10521, 10522, 10523, 10524, 10525, 10526, 10527, 10528, 10529, 10530, 10531, 10532, 10533, 10534, 10535, 10536, 10537, 10538, 10539, 10540, 10541, 10542, 10543, 10544, 10545, 10546, 10693, 10694, 10696, 10697, 10698, 10699, 10700, 10701, 10702, 10703, 10704, 10705, 10706, 10707, 10708, 10709, 10710, 10711, 10712, 10713, 10714, 10715, 10716, 10717, 10718, 10719, 10720, 10730, 10732, 10733, 10734, 10735, 10736, 10737, 10738, 10739, 10740, 10741, 10742, 10743, 10744, 10745, 10770, 10771, 10778, 10779, 10780, 10781, 10782, 10783, 10784, 10785, 10786, 10787, 10788, 10789, 10790, 10791, 10792, 10793, 10794, 10795, 10796, 10797, 10798, 10799, 10800, 10801, 10802, 10803, 10804, 10805, 10806, 10807, 10808, 10809, 10810, 10811, 10812, 10813, 10814, 10815, 10816, 10817, 10818, 10819, 10820, 10821, 10822, 10823, 10824, 10825, 10826, 10827, 10828, 10829, 10830, 10831, 10832, 10833, 10834, 10835, 10836, 10837, 10838, 10839, 10840, 10841, 10842, 10843, 10844, 10845, 10846, 10847, 10848, 10849, 10850, 10851, 10852, 10853, 10854, 10855, 10856, 10857, 10858, 10859, 10869, 10870, 10924, 10925, 10926, 10930, 10931, 10932, 10933, 10934, 10935, 10936, 10937, 10938]
percent = [3799]
s = [1, 2, 3, 4, 6, 7, 8, 9, 10, 11, 12, 13, 15, 17, 19, 20, 21, 22, 23, 24, 25, 26, 27, 80, 84, 86, 87, 88, 89, 90, 91, 92, 93, 94, 95, 96, 97, 98, 99, 100, 101, 102, 103, 104, 105, 106, 107, 108, 109, 121, 122, 123, 124, 125, 126, 128, 129, 211, 212, 213, 215, 216, 217, 218, 219, 220, 221, 222, 223, 224, 226, 227, 235, 238, 239, 240, 241, 242, 243, 244, 245, 246, 247, 268, 271, 272, 275, 276, 277, 278, 280, 281, 282, 283, 284, 292, 294, 295, 296, 297, 298, 299, 300, 301, 302, 303, 304, 305, 306, 307, 327, 328, 329, 331, 332, 333, 334, 335, 336, 338, 339, 340, 341, 342, 343, 344, 345, 346, 347, 348, 349, 350, 351, 352, 353, 354, 355, 356, 386, 387, 389, 390, 391, 392, 393, 394, 395, 396, 397, 398, 399, 401, 402, 403, 404, 405, 406, 408, 429, 435, 438, 440, 443, 444, 445, 446, 447, 451, 453, 456, 457, 492, 493, 518, 526, 529, 530, 531, 535, 536, 537, 538, 539, 540, 541, 542, 543, 544, 545, 546, 547, 548, 549, 550, 551, 552, 553, 554, 555, 556, 557, 558, 559, 560, 561, 562, 563, 564, 576, 579, 580, 581, 582, 583, 584, 585, 586, 587, 588, 589, 590, 591, 592, 593, 594, 595, 596, 597, 600, 601, 602, 603, 607, 608, 609, 610, 614, 615, 617, 619, 620, 621, 622, 630, 631, 632, 633, 634, 635, 636, 637, 638, 640, 641, 642, 643, 644, 647, 648, 649, 650, 651, 652, 654, 655, 656, 657, 664, 665, 666, 667, 670, 671, 672, 673, 677, 684, 685, 688, 689, 690, 695, 703, 712, 713, 715, 716, 717, 718, 719, 720, 721, 722, 726, 731, 732, 735, 736, 737, 738, 739, 746, 747, 762, 763, 764, 765, 766, 770, 771, 774, 781, 782, 783, 784, 785, 788, 789, 790, 791, 792, 793, 794, 796, 797, 799, 800, 801, 802, 803, 804, 805, 806, 807, 808, 809, 810, 811, 812, 813, 814, 815, 816, 817, 818, 819, 820, 821, 822, 823, 824, 825, 826, 829, 832, 833, 834, 836, 837, 843, 844, 845, 847, 850, 856, 857, 858, 860, 861, 862, 863, 864, 865, 866, 867, 869, 874, 876, 878, 879, 881, 882, 883, 884, 885, 928, 929, 930, 931, 932, 935, 936, 938, 940, 941, 954, 955, 956, 960, 963, 964, 965, 967, 968, 969, 970, 971, 977, 978, 987, 991, 993, 999, 1002, 1004, 1006, 1007, 1008, 1009, 1010, 1013, 1014, 1019, 1020, 1021, 1022, 1023, 1024, 1025, 1026, 1027, 1028, 1029, 1031, 1038, 1039, 1040, 1043, 1044, 1046, 1047, 1048, 1050, 1051, 1052, 1053, 1057, 1081, 1082, 1083, 1084, 1085, 1086, 1088, 1094, 1110, 1113, 1114, 1115, 1116, 1117, 1118, 1119, 1121, 1127, 1291, 1993, 1994, 1995, 1996, 1997, 1998, 1999, 2001, 2002, 2003, 2005, 2006, 2008, 2010, 2012, 2039, 2040, 2043, 2045, 2047, 2049, 2050, 2051, 2055, 2058, 2060, 2061, 2062, 2063, 2065, 2066, 2067, 2068, 2086, 2087, 2088, 2121, 2122, 2123, 2125, 2127, 2130, 2208, 2421, 3391, 3392, 3393, 3394, 3395, 3396, 3397, 3398, 3399, 3400, 3401, 3402, 3403, 3404, 3405, 3598, 3600, 3601, 3602, 3655, 3658, 3660, 3661, 3662, 3666, 3667, 3669, 3671, 3673, 3674, 3675, 3677, 3679, 3681, 3682, 3684, 3686, 3688, 3690, 3692, 3694, 3696, 3698, 3699, 3700, 3705, 3720, 3736, 3741, 3748, 3760, 3793, 3796, 3797, 3798, 3863, 3872, 3914, 3918, 3928, 3934, 3936, 3945, 3948, 3949, 3957, 3960, 3961, 3964, 3975, 3979, 3994, 4000, 4003, 4018, 4028, 4029, 4037, 4042, 4045, 4056, 4060, 4061, 4063, 4065, 4067, 4068, 4069, 4072, 4076, 4077, 4078, 4088, 4094, 4101, 4108, 4109, 4113, 4121, 4123, 4125, 4136, 4137, 4139, 4141, 4147, 4148, 4167, 4168, 4169, 4189, 4202, 4216, 4222, 4226, 4230, 4235, 4267, 4285, 4308, 4315, 4316, 4327, 4333, 4347, 4692, 4761, 4762, 4767, 4769, 4770, 4772, 4774, 4775, 4776, 4781, 4794, 4802, 4813, 4818, 4819, 4847, 4853, 4857, 4861, 4870, 4872, 4875, 4876, 4880, 4882, 4888, 4900, 4902, 4910, 4911, 4912, 4913, 4914, 4917, 4934, 4944, 4947, 4950, 5015, 5016, 5017, 5018, 5019, 5020, 5021, 5022, 5023, 5024, 5025, 5026, 5027, 5028, 5029, 5030, 5031, 5032, 5033, 5034, 5035, 5036, 5037, 5038, 5039, 5072, 5073, 5074, 5075, 5076, 5077, 5078, 5079, 5080, 5081, 5082, 5083, 5084, 5085, 5086, 5087, 5088, 5089, 5090, 5091, 5092, 5093, 5094, 5095, 5096, 5097, 5098, 5099, 5100, 5101, 5102, 5103, 5104, 5105, 5142, 5143, 5144, 5145, 5146, 5147, 5148, 5149, 5150, 5161, 5169, 5175, 5182, 5195, 5201, 5206, 5212, 5249, 5250, 5251, 5252, 5253, 5254, 5255, 5257, 5259, 5266, 5269, 5270, 5271, 5272, 5273, 5274, 5275, 5276, 5277, 5278, 5279, 5280, 5281, 5282, 5283, 5284, 5285, 5286, 5287, 5288, 5289, 5290, 5291, 5292, 5293, 5294, 5295, 5296, 5297, 5298, 5299, 5300, 5301, 5302, 5303, 5304, 5315, 5316, 5317, 5318, 5325, 5326, 5327, 5328, 5329, 5330, 5331, 5332, 5333, 5334, 5335, 5336, 5337, 5338, 5339, 5340, 5341, 5342, 5343, 5344, 5345, 5346, 5347, 5348, 5349, 5350, 5351, 5352, 5353, 5354, 5357, 5358, 5360, 5362, 5363, 5365, 5366, 5367, 5368, 5369, 5370, 5371, 5372, 5373, 5374, 5375, 5376, 5377, 5378, 5379, 5384, 5385, 5386, 5387, 5388, 5389, 5390, 5391, 5393, 5394, 5396, 5398, 5473, 5474, 5475, 5476, 5477, 5478, 5479, 5480, 5481, 5482, 5483, 5484, 5485, 5486, 5487, 5488, 5489, 5490, 5525, 5526, 5527, 5529, 5530, 5532, 5538, 5539, 5540, 5549, 5550, 5551, 5552, 5553, 5554, 5555, 5556, 5558, 5561, 5563, 5564, 5565, 5566, 5569, 5572, 5577, 5584, 5587, 5590, 5591, 5592, 5593, 5594, 5595, 5596, 5597, 5598, 5599, 5603, 5605, 5607, 5611, 5612, 5613, 5614, 5615, 5621, 5641, 5642, 5644, 5648, 5651, 5652, 5653, 5654, 5662, 5667, 5670, 5671, 5672, 5673, 5676, 5683, 5686, 5713, 5715, 5716, 5717, 5718, 5720, 5724, 5732, 5733, 5738, 5741, 5742, 5743, 5744, 5745, 5746, 5747, 5748, 5749, 5751, 5752, 5753, 5754, 5755, 5756, 5757, 5758, 5759, 5760, 5809, 5820, 5827, 5840, 5845, 5852, 5858, 5864, 5871, 6023, 6024, 6025, 6026, 6029, 6124, 6127, 6129, 6131, 6133, 6134, 6135, 6137, 6139, 6154, 6155, 6156, 6157, 6158, 6159, 6160, 6161, 6163, 6164, 6165, 6166, 6167, 6168, 6169, 6170, 6173, 6188, 6190, 6278, 6279, 6281, 6282, 6283, 6427, 6442, 6444, 6758, 6833, 6834, 7521, 7718, 7745, 8508, 8632, 8673, 9148, 9213, 9283, 9315, 9344, 9345, 10030, 10076, 10078, 10395, 10695, 10721, 10927, 10928, 10929, 10939, 10940, 10941, 10942, 10943, 10944, 10945, 10946, 10947, 10948, 10949, 10950, 10951, 10952, 10953, 10954, 10955, 10956, 10957, 10958, 10959, 10960, 10961, 10989, 10990]
statements = [3813, 3820, 5156, 5159, 5191, 5194, 9972]
trans/min = [6153, 6162, 6171, 6285, 6286, 6287]
us = [2129, 3795, 5380, 5381, 5382, 5383, 5699, 5700, 5701, 5702, 5808, 5815, 5817, 5824, 5826, 5834, 5836, 5851, 5857, 5869, 5882, 5913, 5933, 5975, 5985, 5997, 6036, 6055, 6081, 6086, 6091, 6101, 6194, 6197, 6202, 6204, 6208, 6210, 6216, 6218, 6224, 6226, 6232, 6235, 6237, 6240, 6243, 6247, 6251, 6268, 6272, 6276, 6302, 6359, 6366, 6382, 6397, 6403, 6408, 6409, 6410, 6415, 6454, 6458, 6459, 6469, 6470, 6472, 6473, 6474, 6478, 6479, 6480, 6484, 6485, 6486, 6487, 6488, 6489, 6490, 6491, 6492, 6493, 6495, 6496, 6497, 6498, 6499, 6500, 6501, 6502, 6503, 6504, 6505, 6506, 6507, 8318, 8376, 8377, 8378]