TPS = [576, 1979, 1981, 1983, 1985, 1987, 1989, 1991, 1995, 1998, 2002, 5974, 5984, 5996, 6032, 6053, 6079, 6084, 6089, 6099, 6191, 6267, 6271, 6275, 6364, 6380, 6395, 6401, 6406, 6413, 6445]
atr_cpu_by_mon = [6189, 6443]
atr_delete_retry_count = [6186, 6440]
atr_elapsed_time = [6190, 6444]
atr_elapsed_time_by_mon = [6188, 6442]
atr_insert_retry_count = [8371, 8375]
atr_total_retry_count = [6187, 6441]
atr_update_retry_count = [6185, 6439]
average commit duration = [5808, 5815, 5817, 5824, 5826, 5834, 5836, 5851, 5857, 5869, 5882, 5913, 5933, 6194, 6197, 6202, 6204, 6208, 6210, 6216, 6218, 6224, 6226, 6232, 6235, 6237, 6240, 6243, 6247, 6251, 6302, 6359, 6409, 6410, 6454, 6458, 6459, 6469, 6470, 6472, 6473, 6474, 6478, 6479, 6480, 6484, 6485, 6486, 6487, 6488, 6489, 6490, 6491, 6492, 6493, 6495, 6496, 6497, 6498, 6499, 6500, 6501, 6502, 6503, 6504, 6505, 6506, 6507, 8318, 8376, 8377, 8378]
average runtime = [6154, 6155, 6156, 6157, 6158, 6159, 6160, 6161, 6163, 6164, 6165, 6166, 6167, 6168, 6169, 6170]
avg cpu time = [330, 416, 574, 575, 752, 778, 888, 1017, 3942, 4007]
avg dml count = [4785, 4862, 4891, 5180, 5187, 5205, 5210, 5217, 6182, 6436]
avg elapsed time = [5319, 5320, 5321, 5322, 5323, 5324, 5618, 5619, 5631, 5632]
avg. dia db req. time = [274, 4107, 4149, 4166, 4177, 4200, 4795, 4799, 4803, 4837, 4864, 4874, 4929, 4953, 6174, 6428, 9968]
avg. dia wait req. time = [893, 4033, 4081, 4773, 4860, 4901, 4906, 5176, 6177, 6431]
avg. dialogue step time = [29, 30, 32, 34, 178, 260, 291, 566, 734, 841, 842, 886, 887, 892, 6494, 8319, 9973]
avg. lookup time = [40, 41, 45, 46, 77, 210, 1299]
avg. up2 db req. time = [4238, 4841, 4885, 4893, 4921, 4928, 4933, 4935, 4936, 5153, 5164, 5172, 5197, 5203, 6176, 6430, 9970]
avg. up2 wait req. time = [4869, 4897, 4951, 4957, 5165, 5177, 5184, 5214, 6179, 6433]
avg. upd db req. time = [4334, 4797, 4816, 4846, 4878, 4896, 4898, 4918, 4923, 4926, 4943, 5152, 5163, 5171, 6175, 6429, 9969]
avg. upd wait req. time = [4057, 4217, 4780, 4865, 4879, 4931, 4932, 4954, 6178, 6432]
avg_commit_duration = [5975, 5985, 5997, 6036, 6055, 6081, 6086, 6091, 6101, 6268, 6272, 6276, 6366, 6382, 6397, 6403, 6408, 6415]
avg_propagation_delay = [6033, 6054, 6080, 6085, 6090, 6100, 6365, 6381, 6396, 6402, 6407, 6414]
blocking time = [563, 564, 637, 825, 879, 1051, 1053, 3949, 3961, 4018, 4029, 4067, 4068, 4108, 4113, 10695]
capture statement count = [3813, 3820, 5156, 5159, 5191, 5194, 9972]
commit rate = [1126, 4140, 4793, 4832, 4919, 4924, 4952, 4955, 6183, 6437]
compilation time = [6896, 7981]
conversion time = [9347, 9834]
cou time = [1097, 1131]
cpu service milliseconds per request = [3925, 3926, 4104, 4163, 4241, 4259, 4342]
cpu service time = [5811, 5813, 5822, 5829, 5832, 5837, 5842, 5846, 5849, 5853, 5855, 5860, 5862, 5867, 5880, 5896, 5909, 5915, 5973, 5983, 5995, 6031, 6052, 6078, 6083, 6088, 6093, 6095, 6098, 6103, 6105, 6111, 6115, 6117, 6119, 6121, 6143, 6193, 6195, 6198, 6200, 6205, 6206, 6211, 6214, 6219, 6222, 6227, 6230, 6233, 6238, 6242, 6244, 6246, 6248, 6250, 6252, 6254, 6266, 6270, 6274, 6357, 6363, 6369, 6373, 6379, 6394, 6398, 6400, 6405, 6412, 6416, 6417, 6420, 6422, 6423, 6455, 6456, 6464, 6465, 6475, 6476, 6552, 6555, 6557, 6560, 6568, 6570, 6577, 6583, 6585, 6590, 6594, 6663, 6665, 6667, 6672, 6676, 6678, 6683, 6686, 6688, 6690, 6692, 6694, 6696, 6698, 6700, 6703, 6705, 6707, 6709, 6711, 6713, 6715, 6717, 6737, 6749, 6795, 6798, 6811, 6815, 6826, 6866, 6869, 6881, 6884, 6890, 6894, 6983, 6987, 6989, 6991, 6993, 6995, 6997, 7002, 7006, 7008, 7011, 7013, 7015, 7038, 7044, 7045, 7046, 7068, 7071, 7103, 7104, 7105, 7112, 7122, 7127, 7134, 7138, 7140, 7144, 7155, 7158, 7164, 7166, 7177, 7178, 7179, 7180, 7181, 7182, 7183, 7190, 7196, 7198, 7199, 7200, 7201, 7202, 7203, 7204, 7205, 7209, 7212, 7214, 7216, 7218, 7220, 7222, 7224, 7226, 7228, 7229, 7230, 7231, 7234, 7267, 7271, 7274, 7360, 7362, 7363, 7364, 7366, 7367, 7368, 7372, 7373, 7383, 7384, 7385, 7386, 7387, 7388, 7389, 7390, 7391, 7392, 7393, 7394, 7396, 7397, 7398, 7400, 7407, 7409, 7418, 7419, 7420, 7422, 7423, 7424, 7428, 7430, 7431, 7432, 7433, 7436, 7439, 7440, 7441, 7443, 7448, 7449, 7450, 7452, 7454, 7460, 7463, 7472, 7475, 7479, 7481, 7486, 7489, 7491, 7495, 7497, 7499, 7503, 7505, 7507, 7515, 7520, 7523, 7562, 7566, 7571, 7576, 7579, 7592, 7617, 7633, 7637, 7654, 7668, 7670, 7856, 7899, 7903, 7906, 7908, 7910, 7913, 7915, 7919, 7921, 7923, 7927, 7930, 7936, 7938, 7940, 7942, 7945, 7947, 7949, 7951, 7953, 7955, 7957, 7960, 7962, 7967, 7970, 7976, 7979, 7984, 7987, 7992, 7998, 8000, 8005, 8009, 8015, 8020, 8023, 8026, 8027, 8044, 8046, 8049, 8051, 8053, 8055, 8063, 8065, 8067, 8069, 8072, 8074, 8076, 8078, 8079, 8081, 8083, 8084, 8085, 8086, 8091, 8092, 8093, 8099, 8100, 8101, 8104, 8105, 8106, 8138, 8154, 8156, 8160, 8162, 8164, 8168, 8192, 8194, 8199, 8200, 8201, 8202, 8203, 8204, 8207, 8209, 8210, 8211, 8213, 8214, 8218, 8219, 8220, 8221, 8223, 8224, 8225, 8226, 8227, 8229, 8230, 8231, 8232, 8233, 8234, 8235, 8241, 8247, 8249, 8250, 8257, 8258, 8259, 8260, 8261, 8263, 8264, 8265, 8266, 8267, 8268, 8269, 8270, 8271, 8272, 8274, 8322, 8323, 8324, 8326, 8331, 8332, 8333, 8334, 8336, 8337, 8379, 8380, 8381, 8382, 8383, 8408, 8411, 8413, 8415, 8417, 8422, 8428, 8430, 8433, 8439, 8440, 8441, 8442, 8443, 8445, 8446, 8448, 8467, 8468, 8469, 8470, 8471, 8472, 8474, 8475, 8476, 8477, 8479, 8480, 8481, 8482, 8483, 8486, 8492, 8494, 8497, 8504, 8505, 8506, 8507, 8509, 8510, 8511, 8512, 8513, 8514, 8531, 8532, 8534, 8541, 8544, 8571, 8573, 8574, 8575, 8577, 8583, 8584, 8585, 8587, 8628, 8629, 8630, 8631, 8634, 8636, 8638, 8640, 8642, 8644, 8646, 8648, 8650, 8651, 8652, 8653, 8656, 8658, 8659, 8660, 8662, 8663, 8665, 8666, 8667, 8668, 8669, 8671, 8672, 8674, 8676, 8678, 8679, 8687, 8688, 8695, 8710, 8744, 8746, 8748, 8753, 8755, 8756, 8757, 8758, 8759, 8760, 8761, 8762, 8763, 8765, 8777, 8782, 8783, 8784, 8785, 8787, 8788, 8789, 8791, 8792, 8793, 8794, 8798, 8805, 8809, 8810, 8811, 8812, 8813, 8815, 8816, 8817, 8819, 8820, 8821, 8822, 8823, 8824, 8827, 8833, 8834, 8836, 8839, 8840, 8841, 8842, 8843, 8844, 8845, 8847, 8848, 8849, 8850, 8851, 8852, 8853, 8854, 8855, 8856, 8857, 8858, 8859, 8860, 8861, 8863, 8864, 8865, 8866, 8867, 8869, 8870, 8872, 8876, 8877, 8878, 8879, 8880, 8882, 8884, 8885, 8886, 8887, 8889, 8890, 8891, 8892, 8894, 8898, 8901, 8902, 8903, 8904, 8909, 8911, 8912, 8914, 8916, 8917, 8918, 8919, 8920, 8921, 8922, 8923, 8924, 8926, 8927, 8928, 8929, 8981, 8982, 8983, 8984, 8986, 8987, 8988, 8989, 8990, 8991, 8992, 8993, 8994, 8995, 8996, 8997, 8998, 8999, 9000, 9001, 9002, 9003, 9004, 9005, 9006, 9007, 9008, 9009, 9010, 9011, 9012, 9013, 9016, 9129, 9132, 9133, 9134, 9135, 9136, 9137, 9138, 9139, 9149, 9150, 9151, 9152, 9153, 9154, 9155, 9156, 9157, 9158, 9159, 9160, 9161, 9162, 9163, 9164, 9165, 9167, 9168, 9169, 9170, 9171, 9172, 9173, 9174, 9175, 9176, 9177, 9180, 9181, 9183, 9184, 9185, 9187, 9188, 9191, 9192, 9194, 9195, 9196, 9197, 9198, 9199, 9200, 9201, 9202, 9203, 9204, 9205, 9207, 9209, 9210, 9211, 9214, 9216, 9217, 9219, 9220, 9221, 9222, 9224, 9225, 9226, 9228, 9229, 9230, 9231, 9232, 9233, 9234, 9235, 9236, 9237, 9238, 9239, 9243, 9244, 9245, 9246, 9253, 9254, 9255, 9256, 9257, 9259, 9260, 9261, 9262, 9263, 9264, 9265, 9267, 9268, 9270, 9271, 9276, 9277, 9278, 9279, 9284, 9285, 9286, 9287, 9288, 9289, 9290, 9292, 9293, 9294, 9296, 9297, 9298, 9299, 9300, 9301, 9302, 9303, 9304, 9305, 9306, 9307, 9308, 9309, 9310, 9311, 9312, 9313, 9316, 9317, 9318, 9320, 9321, 9323, 9324, 9325, 9326, 9327, 9328, 9329, 9330, 9332, 9333, 9334, 9335, 9336, 9337, 9339, 9340, 9341, 9342, 9348, 9350, 9351, 9352, 9353, 9354, 9355, 9356, 9357, 9358, 9359, 9360, 9362, 9363, 9364, 9365, 9367, 9369, 9370, 9371, 9372, 9373, 9374, 9375, 9378, 9381, 9383, 9388, 9389, 9391, 9392, 9393, 9394, 9395, 9396, 9398, 9399, 9401, 9407, 9408, 9409, 9411, 9412, 9414, 9415, 9417, 9418, 9419, 9420, 9421, 9427, 9438, 9440, 9443, 9451, 9452, 9453, 9457, 9458, 9459, 9460, 9461, 9463, 9467, 9468, 9475, 9476, 9726, 9728, 9729, 9730, 9731, 9736, 9737, 9739, 9740, 9741, 9748, 9752, 9753, 9782, 9783, 9784, 9785, 9786, 9787, 9789, 9790, 9792, 9793, 9800, 9812, 9813, 9814, 9815, 9817, 9819, 9821, 9822, 9825, 9827, 9828, 9829, 9830, 9837, 9846, 9851, 9852, 9853, 9854, 9855, 9856, 9893, 9900, 9903, 9976, 9981, 9982, 9983, 9984, 9985, 9986, 9987, 9988, 9989, 9990, 9991, 9992, 9993, 9994, 9995, 9996, 9997, 9998, 9999, 10000, 10001, 10002, 10003, 10004, 10059, 10060, 10062, 10065, 10066, 10068, 10070, 10072, 10074, 10321, 10325, 10327, 10343, 10349, 10371, 10372, 10375, 10376, 10378, 10380, 10388, 10389, 10698, 10717, 10718, 10720, 10733, 10735, 10737, 10739, 10741, 10743, 10779, 10782, 10785, 10787, 10789, 10791, 10793, 10795, 10797, 10799, 10801, 10803, 10805, 10806, 10807, 10811, 10813, 10815, 10817, 10819, 10821, 10823, 10825, 10827, 10829, 10831, 10833, 10835, 10837, 10839, 10841, 10843, 10845, 10847, 10849, 10851, 10853, 10855, 10857, 10859, 10869, 10870, 10932, 10938]
cpu service time avg = [5874, 5876, 5878, 5883, 5887, 5890, 5892, 5894, 5898, 5900, 5903, 5905, 5907, 5910, 6027, 6034, 6037, 6039, 6041, 6043, 6045, 6047, 6049, 6056, 6058, 6060, 6062, 6064, 6066, 6069, 6071, 6073, 6075, 6141, 6145, 6150, 6418, 6453, 6457, 6460, 6461, 6462, 6477, 6481, 6532, 6540, 6597, 6600, 6615, 6626, 6644, 6801, 6927, 6948, 6971, 7040, 7041, 7042, 7043, 7047, 7066, 7107, 7170, 7173, 7174, 7175, 7176, 7184, 7185, 7187, 7188, 7206, 7207, 7208, 7210, 7232, 7233, 7236, 7237, 7239, 7241, 7244, 7246, 7249, 7250, 7252, 7254, 7256, 7260, 7263, 7265, 7268, 7272, 7275, 7277, 7279, 7281, 7283, 7285, 7287, 7289, 7291, 7293, 7295, 7297, 7299, 7301, 7303, 7305, 7308, 7311, 7314, 7316, 7318, 7320, 7322, 7325, 7327, 7328, 7330, 7332, 7334, 7336, 7338, 7340, 7342, 7346, 7348, 7365, 7369, 7370, 7371, 7374, 7375, 7376, 7377, 7378, 7379, 7380, 7381, 7382, 7395, 7404, 7405, 7406, 7408, 7421, 7425, 7426, 7427, 7429, 7434, 7437, 7438, 7442, 7444, 7445, 7446, 7451, 7453, 7524, 7535, 7677, 7712, 7714, 7719, 7722, 7724, 7726, 7729, 7731, 7735, 7738, 7752, 7759, 7762, 7764, 7767, 7770, 7773, 7775, 7780, 7783, 7786, 7816, 7822, 7825, 7849, 7851, 7853, 7859, 7861, 7863, 7865, 7867, 7869, 7871, 7873, 7883, 7885, 7889, 8016, 8032, 8040, 8080, 8082, 8087, 8088, 8089, 8090, 8094, 8095, 8096, 8097, 8098, 8102, 8103, 8107, 8188, 8189, 8191, 8193, 8197, 8205, 8206, 8208, 8212, 8215, 8216, 8222, 8228, 8262, 8273, 8275, 8321, 8325, 8327, 8328, 8329, 8330, 8384, 8385, 8386, 8387, 8444, 8447, 8449, 8478, 8484, 8530, 8572, 8576, 8579, 8580, 8581, 8582, 8654, 8655, 8657, 8664, 8670, 8677, 8680, 8683, 8684, 8708, 8764, 8767, 8769, 8771, 8773, 8775, 8779, 8780, 8790, 8795, 8796, 8808, 8814, 8818, 8825, 8826, 8832, 8835, 8837, 8838, 8846, 8862, 8868, 8873, 8874, 8875, 8883, 8888, 8893, 8895, 8896, 8897, 8900, 8905, 8906, 8907, 8908, 8913, 8915, 9014, 9015, 9178, 9182, 9189, 9190, 9248, 9249, 9250, 9251, 9252, 9281, 9282, 9346, 9376, 9379, 9384, 9385, 9386, 9397, 9433, 9434, 9446, 9447, 9450, 9466, 9734, 9735, 9757, 9794, 9795, 9796, 9797, 9798, 9802, 9803, 9804, 9806, 9977, 9978, 9979, 10222, 10224, 10382, 10459, 10461, 10463, 10465, 10467, 10469, 10471, 10473, 10475, 10477, 10479, 10481, 10483, 10485, 10487, 10489, 10491, 10493, 10495, 10497, 10499, 10501, 10503, 10505, 10507, 10509, 10511, 10513, 10515, 10517, 10519, 10521, 10523, 10525, 10527, 10529, 10694, 10934, 10936]
cpu time = [1, 2, 3, 4, 5, 6, 7, 10, 11, 14, 16, 17, 18, 19, 25, 27, 28, 35, 36, 37, 39, 42, 44, 47, 48, 50, 51, 55, 58, 59, 60, 61, 62, 63, 70, 83, 84, 85, 86, 87, 88, 89, 90, 91, 92, 93, 94, 95, 102, 117, 120, 121, 123, 124, 127, 128, 130, 131, 134, 165, 167, 168, 169, 170, 171, 172, 174, 176, 179, 180, 181, 182, 183, 184, 187, 188, 190, 191, 192, 193, 194, 195, 197, 198, 199, 200, 201, 205, 206, 207, 208, 209, 211, 212, 213, 215, 216, 217, 223, 224, 225, 228, 230, 233, 234, 235, 237, 238, 239, 240, 241, 245, 258, 259, 261, 262, 263, 264, 265, 266, 267, 268, 269, 270, 272, 273, 275, 276, 277, 278, 288, 289, 293, 294, 296, 298, 302, 311, 312, 313, 314, 315, 317, 321, 327, 328, 329, 331, 332, 333, 335, 336, 337, 338, 339, 341, 342, 343, 348, 350, 352, 359, 360, 361, 362, 363, 364, 365, 367, 368, 369, 370, 371, 372, 373, 374, 375, 376, 377, 378, 379, 380, 381, 383, 386, 387, 393, 402, 403, 405, 412, 413, 415, 420, 429, 435, 436, 437, 439, 444, 454, 455, 456, 457, 458, 459, 460, 461, 462, 463, 464, 465, 466, 468, 469, 470, 472, 476, 479, 480, 481, 482, 483, 484, 485, 488, 489, 494, 495, 496, 497, 498, 499, 501, 502, 503, 504, 508, 509, 510, 511, 512, 513, 514, 517, 519, 520, 521, 522, 523, 524, 525, 526, 527, 528, 529, 530, 531, 532, 535, 536, 541, 542, 544, 551, 552, 553, 554, 555, 560, 565, 567, 572, 573, 577, 578, 579, 580, 581, 582, 585, 586, 587, 588, 592, 593, 594, 595, 596, 597, 598, 599, 600, 601, 602, 604, 606, 611, 614, 616, 617, 618, 623, 624, 627, 630, 631, 632, 634, 635, 639, 641, 644, 645, 646, 648, 649, 657, 673, 675, 676, 678, 679, 680, 686, 688, 690, 693, 696, 698, 699, 700, 702, 705, 706, 708, 709, 712, 713, 714, 720, 723, 724, 726, 727, 731, 732, 733, 736, 737, 739, 740, 741, 742, 744, 745, 747, 751, 753, 754, 755, 756, 757, 758, 759, 760, 761, 769, 771, 779, 780, 781, 782, 783, 789, 791, 793, 794, 796, 800, 801, 806, 808, 809, 811, 814, 815, 817, 818, 819, 820, 822, 824, 826, 828, 831, 836, 837, 840, 848, 850, 851, 852, 853, 855, 859, 868, 870, 871, 872, 873, 875, 877, 881, 882, 883, 884, 885, 894, 895, 896, 901, 902, 904, 905, 906, 907, 908, 909, 910, 911, 913, 914, 915, 916, 917, 918, 919, 920, 921, 922, 923, 924, 925, 926, 927, 928, 929, 930, 931, 933, 934, 937, 939, 941, 942, 943, 944, 945, 946, 947, 948, 949, 950, 951, 952, 957, 959, 961, 962, 964, 969, 974, 975, 979, 980, 981, 982, 983, 984, 988, 989, 990, 992, 993, 994, 995, 1000, 1001, 1003, 1005, 1013, 1018, 1030, 1032, 1033, 1034, 1035, 1036, 1037, 1038, 1039, 1041, 1045, 1046, 1047, 1048, 1049, 1055, 1056, 1061, 1062, 1063, 1064, 1065, 1066, 1067, 1068, 1069, 1070, 1071, 1072, 1073, 1074, 1075, 1076, 1078, 1079, 1080, 1081, 1082, 1083, 1088, 1091, 1092, 1093, 1094, 1095, 1096, 1099, 1100, 1101, 1102, 1103, 1104, 1105, 1106, 1107, 1109, 1120, 1124, 1128, 1129, 1130, 1223, 1228, 1272, 1277, 1294, 1323, 1334, 1381, 1432, 1929, 1956, 1965, 1967, 1969, 1971, 1973, 1976, 1978, 1980, 1982, 1984, 1986, 1988, 1990, 1992, 2000, 2004, 2007, 2009, 2011, 2014, 2016, 2018, 2023, 2025, 2027, 2029, 2031, 2035, 2038, 2041, 2046, 2052, 2056, 2059, 2064, 2069, 2073, 2076, 2078, 2080, 2084, 2095, 2097, 2099, 2101, 2111, 2115, 2117, 2120, 2124, 2126, 2128, 2136, 2180, 2181, 2208, 2210, 2220, 2259, 2322, 2421, 3429, 3456, 3458, 3469, 3471, 3599, 3603, 3605, 3607, 3609, 3611, 3613, 3615, 3617, 3619, 3622, 3625, 3627, 3629, 3631, 3633, 3635, 3638, 3640, 3642, 3644, 3646, 3659, 3668, 3670, 3672, 3674, 3676, 3678, 3680, 3683, 3685, 3689, 3691, 3693, 3695, 3697, 3701, 3703, 3706, 3708, 3710, 3715, 3721, 3728, 3732, 3734, 3738, 3749, 3754, 3759, 3763, 3765, 3777, 3779, 3781, 3788, 3790, 3791, 3792, 3794, 3805, 3828, 3831, 3832, 3833, 3834, 3857, 3858, 3859, 3860, 3867, 3870, 3872, 3876, 3877, 3878, 3879, 3881, 3882, 3883, 3884, 3885, 3886, 3887, 3888, 3889, 3890, 3891, 3914, 3918, 3921, 3922, 3923, 3928, 3929, 3945, 3957, 3960, 3964, 3983, 3986, 3987, 3989, 3994, 3996, 3997, 3999, 4001, 4003, 4013, 4014, 4015, 4036, 4037, 4038, 4039, 4040, 4041, 4043, 4044, 4045, 4051, 4052, 4053, 4054, 4060, 4069, 4078, 4092, 4094, 4101, 4103, 4106, 4109, 4118, 4123, 4124, 4129, 4130, 4131, 4136, 4137, 4138, 4145, 4147, 4148, 4151, 4153, 4154, 4155, 4156, 4159, 4160, 4161, 4167, 4170, 4174, 4175, 4176, 4179, 4181, 4182, 4183, 4184, 4185, 4186, 4187, 4188, 4191, 4192, 4193, 4195, 4196, 4197, 4199, 4203, 4204, 4205, 4206, 4207, 4208, 4210, 4211, 4213, 4214, 4215, 4216, 4219, 4220, 4221, 4222, 4223, 4224, 4225, 4227, 4228, 4229, 4230, 4231, 4232, 4233, 4234, 4235, 4237, 4240, 4242, 4243, 4244, 4245, 4246, 4247, 4248, 4249, 4250, 4251, 4252, 4253, 4254, 4255, 4256, 4258, 4260, 4261, 4262, 4263, 4264, 4265, 4266, 4269, 4270, 4271, 4272, 4273, 4274, 4275, 4276, 4277, 4278, 4279, 4280, 4282, 4283, 4284, 4286, 4287, 4288, 4289, 4291, 4292, 4293, 4294, 4295, 4296, 4297, 4298, 4299, 4301, 4302, 4303, 4304, 4305, 4306, 4307, 4308, 4309, 4310, 4311, 4312, 4313, 4314, 4316, 4317, 4318, 4319, 4320, 4321, 4322, 4323, 4324, 4325, 4326, 4328, 4329, 4330, 4332, 4333, 4335, 4336, 4337, 4338, 4339, 4340, 4341, 4343, 4344, 4345, 4346, 4347, 4348, 4349, 4350, 4351, 4353, 4354, 4355, 4356, 4357, 4358, 4360, 4361, 4362, 4363, 4364, 4365, 4366, 4367, 4368, 4369, 4371, 4372, 4373, 4374, 4375, 4377, 4379, 4380, 4382, 4383, 4384, 4385, 4386, 4387, 4388, 4390, 4391, 4393, 4394, 4395, 4396, 4397, 4398, 4399, 4400, 4401, 4402, 4403, 4404, 4405, 4407, 4408, 4409, 4411, 4412, 4413, 4414, 4415, 4416, 4417, 4418, 4419, 4420, 4421, 4422, 4423, 4424, 4425, 4426, 4428, 4429, 4430, 4431, 4432, 4433, 4480, 4528, 4530, 4534, 4537, 4539, 4541, 4543, 4545, 4548, 4550, 4554, 4559, 4561, 4563, 4565, 4571, 4573, 4577, 4580, 4582, 4585, 4588, 4593, 4595, 4599, 4601, 4603, 4606, 4608, 4609, 4611, 4614, 4616, 4618, 4621, 4625, 4627, 4630, 4632, 4634, 4636, 4638, 4644, 4646, 4648, 4650, 4653, 4661, 4663, 4665, 4667, 4675, 4677, 4679, 4681, 4682, 4683, 4684, 4685, 4686, 4687, 4688, 4689, 4690, 4691, 4692, 4693, 4694, 4695, 4696, 4697, 4698, 4699, 4700, 4701, 4702, 4703, 4704, 4705, 4706, 4707, 4708, 4709, 4710, 4711, 4712, 4713, 4714, 4715, 4716, 4717, 4718, 4719, 4720, 4721, 4722, 4723, 4724, 4725, 4726, 4727, 4728, 4729, 4730, 4731, 4732, 4733, 4734, 4735, 4736, 4737, 4738, 4739, 4740, 4741, 4742, 4743, 4744, 4745, 4746, 4747, 4748, 4749, 4750, 4751, 4752, 4753, 4754, 4755, 4756, 4757, 4758, 4759, 4760, 4762, 4763, 4765, 4766, 4767, 4768, 4769, 4770, 4771, 4772, 4774, 4776, 4777, 4778, 4779, 4781, 4782, 4784, 4786, 4787, 4788, 4789, 4790, 4791, 4794, 4798, 4800, 4801, 4804, 4805, 4806, 4807, 4808, 4809, 4810, 4811, 4812, 4814, 4818, 4819, 4820, 4821, 4822, 4823, 4824, 4825, 4826, 4828, 4829, 4830, 4834, 4835, 4836, 4838, 4843, 4844, 4845, 4847, 4848, 4851, 4852, 4853, 4854, 4855, 4856, 4857, 4858, 4859, 4863, 4866, 4867, 4871, 4872, 4873, 4875, 4876, 4880, 4881, 4882, 4886, 4888, 4889, 4892, 4894, 4900, 4902, 4907, 4910, 4911, 4912, 4913, 4914, 4920, 4937, 4939, 4941, 4950, 4958, 4969, 4979, 5000, 5002, 5054, 5121, 5124, 5128, 5312, 5392, 5395, 5397, 5399, 5679, 5692, 5696, 5714, 5719, 5721, 5734, 5810, 5821, 5828, 5841, 5859, 5865, 5872, 5921, 5935, 5957, 5959, 5961, 5963, 5965, 5967, 5969, 5971, 5977, 5979, 5981, 5987, 5989, 5991, 5993, 6000, 6004, 6006, 6009, 6011, 6013, 6015, 6018, 6020, 6022, 6125, 6128, 6130, 6132, 6136, 6138, 6140, 6291, 6305, 6307, 6310, 6312, 6314, 6320, 6324, 6326, 6330, 6333, 6339, 6343, 6349, 6353, 6356, 6361, 6368, 6372, 6375, 6377, 6384, 6386, 6388, 6390, 6392, 6447, 6448, 6449, 6450, 6451, 6452, 6463, 6466, 6467, 6468, 6471, 6482, 6483, 6508, 8320, 9974, 10012, 10029, 10030, 10077, 10079, 10373, 10374, 10383, 10384, 10385, 10386, 10387, 10693, 10696, 10697, 10745, 10927, 10928, 10929, 10939, 10940, 10941, 10943, 10944, 10945, 10946, 10947, 10948, 10949, 10950, 10952, 10955, 10957, 10959]
cpu time/query = [400, 407, 448, 449, 450, 452, 658, 659, 660, 661, 662, 663, 668, 669, 681, 682, 683, 772, 795, 798, 897, 898, 985, 986]
cpu utilization = [3799]
elapsed time (cpu normalized) = [186, 707, 787, 890, 903, 976, 4002, 4831, 4833, 4839, 4849, 4850, 4883, 4884, 4890, 4903, 4904, 4905, 4908, 4909, 4915, 4916, 4959, 5151]
elapsed time / iteration = [2105, 2110, 2114, 2116, 2118, 2119, 3774, 3776, 3778, 3780, 3782, 3783]
elapsed time / query = [4370, 4376, 4378, 4381, 4389, 4392, 4406, 4410, 4427, 4434, 4435, 4436, 4437, 4438, 4439, 4440, 4441, 4442, 4443, 4444, 4445, 4446, 4447, 4448, 4449, 4450, 4451, 4452, 4453, 4454, 4455, 4456, 4457, 4458, 4459, 4460, 4461, 4462, 4463, 4464, 4465, 4466, 4467, 4468, 4469, 4470, 4471, 4472, 4473, 4474, 4475, 4476, 4477, 4478, 4479, 4481, 4482, 4483, 4484, 4485, 4486, 4487, 4488, 4489, 4490, 4491, 4492, 4493, 4494, 4495, 4496, 4497, 4498, 4499, 4500, 4501, 4502, 4503, 4504, 4505, 4506, 4507, 4508, 4509, 4510, 4511, 4512, 4513, 4514, 4515, 4516, 4517, 4518, 4519, 4520, 4521, 4522, 4523, 4524, 4525, 4526, 4527, 4529, 4531, 4532, 4533, 4535, 4536, 4538, 4540, 4542, 4544, 4546, 4547, 4549, 4551, 4552, 4553, 4555, 4556, 4557, 4558, 4560, 4562, 4564, 4566, 4567, 4568, 4569, 4570, 4572, 4574, 4575, 4576, 4578, 4579, 4581, 4583, 4584, 4586, 4587, 4589, 4590, 4591, 4592, 4594, 4596, 4597, 4598, 4600, 4602, 4604, 4605, 4607, 4610, 4612, 4613, 4615, 4617, 4619, 4620, 4622, 4623, 4624, 4626, 4628, 4629, 4631, 4633, 4635, 4637, 4639, 4640, 4641, 4642, 4643, 4645, 4647, 4649, 4651, 4652, 4654, 4655, 4656, 4657, 4658, 4659, 4660, 4662, 4664, 4666, 4668, 4669, 4670, 4671, 4672, 4673, 4674, 4676, 4678, 4680, 10365]
elapsed time = [15, 20, 21, 22, 23, 24, 26, 33, 38, 43, 52, 53, 54, 56, 57, 64, 65, 66, 67, 68, 69, 71, 72, 73, 74, 75, 76, 78, 79, 80, 82, 96, 97, 98, 99, 100, 104, 105, 111, 112, 114, 115, 116, 118, 119, 122, 125, 126, 129, 132, 133, 135, 136, 137, 138, 139, 140, 141, 142, 143, 144, 145, 146, 147, 149, 150, 151, 152, 153, 154, 156, 157, 158, 159, 160, 161, 162, 163, 164, 166, 177, 185, 189, 196, 202, 203, 204, 214, 218, 219, 220, 221, 222, 226, 227, 229, 231, 232, 236, 242, 243, 244, 246, 247, 248, 249, 250, 251, 252, 253, 254, 255, 256, 257, 271, 279, 280, 281, 282, 283, 284, 285, 286, 287, 290, 292, 295, 297, 299, 300, 301, 305, 306, 310, 316, 318, 319, 320, 322, 323, 324, 325, 326, 334, 340, 344, 345, 346, 347, 349, 351, 353, 354, 355, 356, 357, 358, 366, 382, 384, 385, 388, 389, 390, 391, 392, 394, 395, 396, 397, 398, 399, 401, 404, 406, 408, 409, 410, 411, 414, 417, 418, 419, 421, 422, 423, 424, 425, 426, 427, 428, 430, 431, 432, 433, 434, 438, 440, 441, 442, 443, 445, 446, 447, 451, 453, 467, 471, 473, 474, 475, 477, 478, 486, 487, 490, 491, 492, 493, 505, 506, 507, 515, 516, 518, 533, 534, 537, 538, 539, 540, 543, 545, 546, 547, 548, 549, 550, 556, 557, 558, 561, 562, 568, 569, 570, 583, 584, 589, 590, 591, 603, 605, 607, 608, 609, 610, 612, 613, 615, 619, 620, 621, 622, 626, 628, 629, 633, 636, 638, 640, 642, 643, 647, 650, 651, 652, 653, 654, 655, 656, 664, 665, 666, 667, 670, 672, 674, 677, 684, 685, 687, 689, 691, 692, 694, 695, 697, 701, 703, 704, 710, 711, 718, 719, 721, 722, 725, 728, 729, 730, 735, 738, 743, 746, 750, 762, 763, 764, 765, 766, 767, 768, 770, 773, 774, 775, 776, 777, 784, 785, 786, 788, 790, 792, 797, 799, 802, 803, 804, 805, 807, 810, 812, 816, 821, 823, 827, 829, 830, 832, 833, 834, 835, 838, 839, 843, 844, 845, 846, 847, 849, 854, 856, 857, 858, 860, 861, 862, 863, 864, 865, 866, 867, 869, 874, 876, 878, 880, 889, 891, 899, 900, 932, 935, 936, 938, 940, 953, 954, 955, 956, 958, 960, 963, 965, 966, 967, 968, 970, 971, 977, 978, 987, 991, 996, 997, 998, 999, 1002, 1004, 1011, 1012, 1014, 1031, 1040, 1042, 1043, 1044, 1050, 1052, 1054, 1057, 1059, 1060, 1084, 1085, 1086, 1087, 1089, 1090, 1110, 1112, 1113, 1114, 1115, 1116, 1117, 1118, 1119, 1122, 1125, 1127, 1133, 1134, 1135, 1136, 1137, 1138, 1139, 1140, 1141, 1142, 1143, 1144, 1145, 1146, 1147, 1148, 1149, 1150, 1151, 1152, 1153, 1154, 1155, 1156, 1157, 1158, 1159, 1160, 1161, 1162, 1163, 1164, 1165, 1166, 1167, 1168, 1169, 1170, 1171, 1172, 1173, 1174, 1175, 1176, 1177, 1178, 1179, 1180, 1181, 1182, 1183, 1184, 1185, 1186, 1187, 1188, 1189, 1190, 1191, 1192, 1193, 1194, 1195, 1196, 1197, 1198, 1199, 1200, 1201, 1202, 1203, 1204, 1205, 1221, 1222, 1224, 1229, 1230, 1231, 1235, 1236, 1237, 1238, 1239, 1240, 1241, 1242, 1243, 1244, 1262, 1263, 1265, 1266, 1267, 1268, 1269, 1270, 1271, 1273, 1278, 1286, 1287, 1288, 1292, 1293, 1295, 1296, 1297, 1298, 1300, 1301, 1302, 1305, 1306, 1307, 1308, 1309, 1311, 1314, 1320, 1322, 1324, 1325, 1326, 1327, 1330, 1331, 1337, 1338, 1339, 1341, 1343, 1344, 1346, 1347, 1349, 1350, 1351, 1353, 1354, 1355, 1358, 1363, 1365, 1378, 1382, 1383, 1389, 1423, 1915, 1916, 1917, 1918, 1927, 1928, 1930, 1931, 1932, 1933, 1936, 1937, 1938, 1939, 1940, 1941, 1942, 1943, 1944, 1945, 1946, 1947, 1948, 1949, 1950, 1951, 1952, 1953, 1954, 1955, 1957, 1958, 1959, 1960, 1961, 1962, 1963, 1964, 1966, 1968, 1970, 1972, 1974, 1975, 1977, 1993, 1994, 1997, 2001, 2005, 2006, 2008, 2010, 2013, 2015, 2017, 2019, 2020, 2021, 2022, 2024, 2026, 2028, 2030, 2032, 2033, 2034, 2036, 2037, 2039, 2040, 2042, 2043, 2044, 2045, 2047, 2048, 2049, 2050, 2051, 2053, 2054, 2055, 2057, 2058, 2060, 2061, 2062, 2063, 2065, 2066, 2067, 2068, 2070, 2071, 2083, 2089, 2090, 2091, 2092, 2093, 2094, 2096, 2098, 2100, 2102, 2103, 2104, 2106, 2107, 2108, 2109, 2112, 2113, 2121, 2122, 2123, 2125, 2127, 2130, 2131, 2132, 2133, 2134, 2135, 2137, 2138, 2139, 2140, 2141, 2144, 2145, 2146, 2147, 2148, 2149, 2150, 2159, 2160, 2161, 2162, 2163, 2164, 2165, 2166, 2167, 2168, 2169, 2170, 2171, 2172, 2173, 2174, 2175, 2176, 2177, 2178, 2179, 2194, 2195, 2196, 2197, 2198, 2199, 2205, 2206, 2207, 2209, 2211, 2212, 2214, 2215, 2219, 2221, 2223, 2224, 2225, 2226, 2227, 2239, 2240, 2241, 2244, 2250, 2253, 2254, 2255, 2257, 2258, 2261, 2262, 2263, 2264, 2266, 2267, 2268, 2270, 2271, 2276, 2279, 2280, 2281, 2283, 2286, 2287, 2288, 2289, 2290, 2291, 2296, 2297, 2299, 2300, 2302, 2303, 2304, 2305, 2307, 2308, 2309, 2310, 2311, 2312, 2313, 2314, 2315, 2316, 2318, 2323, 2324, 2326, 2380, 2385, 3391, 3392, 3393, 3394, 3395, 3396, 3397, 3398, 3399, 3400, 3401, 3402, 3403, 3404, 3405, 3406, 3407, 3408, 3409, 3410, 3411, 3412, 3413, 3414, 3415, 3416, 3417, 3418, 3419, 3420, 3421, 3422, 3423, 3424, 3425, 3426, 3427, 3428, 3430, 3431, 3432, 3433, 3436, 3437, 3438, 3439, 3440, 3441, 3442, 3443, 3444, 3445, 3446, 3447, 3448, 3449, 3450, 3451, 3452, 3453, 3454, 3455, 3457, 3459, 3460, 3461, 3462, 3463, 3464, 3465, 3466, 3467, 3468, 3470, 3472, 3598, 3600, 3601, 3602, 3604, 3606, 3608, 3610, 3612, 3614, 3616, 3618, 3620, 3621, 3623, 3624, 3626, 3628, 3630, 3632, 3634, 3636, 3637, 3639, 3641, 3643, 3645, 3647, 3654, 3655, 3656, 3657, 3658, 3660, 3661, 3662, 3663, 3664, 3665, 3666, 3667, 3669, 3671, 3673, 3675, 3677, 3679, 3681, 3682, 3684, 3686, 3688, 3690, 3692, 3694, 3696, 3698, 3699, 3700, 3705, 3720, 3739, 3740, 3742, 3743, 3744, 3745, 3746, 3747, 3748, 3751, 3752, 3753, 3755, 3756, 3757, 3758, 3760, 3761, 3762, 3764, 3766, 3767, 3768, 3769, 3770, 3771, 3772, 3773, 3775, 3784, 3785, 3786, 3787, 3789, 3793, 3796, 3800, 3801, 3802, 3803, 3804, 3806, 3807, 3808, 3809, 3810, 3811, 3812, 3816, 3817, 3821, 3822, 3823, 3824, 3825, 3837, 3838, 3840, 3841, 3842, 3843, 3844, 3847, 3848, 3849, 3850, 3863, 3868, 3869, 3934, 3935, 3936, 3938, 3944, 3948, 3954, 3955, 3956, 3962, 3965, 3975, 3979, 3985, 3993, 4000, 4005, 4011, 4028, 4034, 4035, 4042, 4049, 4056, 4061, 4063, 4065, 4072, 4076, 4077, 4083, 4088, 4102, 4110, 4120, 4121, 4125, 4132, 4135, 4139, 4141, 4152, 4168, 4169, 4189, 4202, 4226, 4267, 4285, 4315, 4327, 4761, 4775, 4802, 4813, 4861, 4870, 4899, 4917, 4934, 4944, 4947, 4948, 4949, 4960, 4961, 4962, 4963, 4964, 4965, 4966, 4967, 4968, 4970, 4971, 4972, 4973, 4974, 4975, 4976, 4977, 4978, 4980, 4981, 4982, 4983, 4984, 4985, 4986, 4987, 4988, 4989, 4990, 4991, 4992, 4993, 4994, 4995, 4996, 4997, 4998, 4999, 5001, 5003, 5004, 5005, 5006, 5007, 5008, 5009, 5010, 5011, 5012, 5013, 5014, 5015, 5016, 5017, 5018, 5019, 5020, 5021, 5022, 5023, 5024, 5025, 5026, 5027, 5028, 5029, 5030, 5031, 5032, 5033, 5034, 5035, 5036, 5037, 5038, 5039, 5040, 5041, 5042, 5043, 5044, 5045, 5046, 5047, 5048, 5049, 5050, 5051, 5052, 5053, 5055, 5056, 5057, 5058, 5059, 5060, 5061, 5062, 5063, 5064, 5065, 5066, 5067, 5068, 5069, 5070, 5071, 5072, 5073, 5074, 5075, 5076, 5077, 5078, 5079, 5080, 5081, 5082, 5083, 5084, 5085, 5086, 5087, 5088, 5089, 5090, 5091, 5092, 5093, 5094, 5095, 5096, 5097, 5098, 5099, 5100, 5101, 5102, 5103, 5104, 5105, 5106, 5107, 5108, 5109, 5110, 5111, 5112, 5113, 5114, 5115, 5116, 5117, 5118, 5119, 5120, 5122, 5123, 5125, 5126, 5127, 5129, 5130, 5131, 5132, 5133, 5134, 5135, 5136, 5137, 5138, 5139, 5140, 5141, 5142, 5143, 5144, 5145, 5146, 5147, 5148, 5149, 5150, 5243, 5244, 5245, 5246, 5247, 5248, 5249, 5250, 5251, 5252, 5253, 5254, 5255, 5256, 5257, 5258, 5259, 5260, 5261, 5262, 5263, 5264, 5265, 5266, 5267, 5268, 5269, 5270, 5271, 5272, 5273, 5274, 5275, 5276, 5277, 5278, 5279, 5280, 5281, 5282, 5283, 5284, 5285, 5286, 5287, 5288, 5289, 5290, 5291, 5292, 5293, 5294, 5295, 5296, 5297, 5298, 5299, 5300, 5301, 5302, 5303, 5304, 5308, 5309, 5310, 5311, 5313, 5314, 5315, 5316, 5317, 5318, 5325, 5326, 5327, 5328, 5329, 5330, 5331, 5332, 5333, 5334, 5335, 5336, 5337, 5338, 5339, 5340, 5341, 5342, 5343, 5344, 5345, 5346, 5347, 5348, 5349, 5350, 5351, 5352, 5353, 5354, 5357, 5358, 5360, 5362, 5363, 5365, 5366, 5367, 5368, 5369, 5370, 5371, 5372, 5373, 5374, 5375, 5376, 5377, 5378, 5379, 5384, 5385, 5386, 5387, 5388, 5389, 5390, 5391, 5393, 5394, 5396, 5398, 5415, 5416, 5432, 5436, 5439, 5440, 5441, 5443, 5449, 5454, 5473, 5474, 5475, 5476, 5477, 5478, 5479, 5480, 5481, 5482, 5483, 5484, 5485, 5486, 5487, 5488, 5489, 5490, 5491, 5492, 5519, 5520, 5521, 5522, 5523, 5524, 5525, 5526, 5527, 5528, 5529, 5530, 5531, 5532, 5533, 5534, 5535, 5536, 5537, 5538, 5539, 5540, 5541, 5542, 5543, 5544, 5545, 5546, 5547, 5548, 5549, 5550, 5551, 5552, 5553, 5554, 5555, 5556, 5557, 5558, 5559, 5560, 5561, 5562, 5563, 5564, 5565, 5566, 5567, 5568, 5569, 5570, 5571, 5572, 5573, 5574, 5575, 5576, 5577, 5578, 5579, 5580, 5581, 5582, 5583, 5584, 5585, 5586, 5587, 5588, 5589, 5590, 5591, 5592, 5593, 5594, 5595, 5596, 5597, 5598, 5599, 5600, 5601, 5602, 5603, 5604, 5605, 5606, 5607, 5608, 5609, 5610, 5611, 5612, 5613, 5614, 5615, 5621, 5641, 5642, 5643, 5644, 5645, 5646, 5647, 5648, 5649, 5650, 5651, 5652, 5653, 5654, 5656, 5660, 5661, 5662, 5663, 5664, 5665, 5666, 5667, 5668, 5669, 5670, 5671, 5672, 5673, 5674, 5675, 5676, 5677, 5678, 5680, 5681, 5682, 5683, 5686, 5689, 5691, 5695, 5703, 5704, 5713, 5715, 5716, 5717, 5718, 5720, 5724, 5732, 5733, 5738, 5741, 5742, 5743, 5744, 5745, 5746, 5747, 5748, 5749, 5751, 5752, 5753, 5754, 5755, 5756, 5757, 5758, 5759, 5760, 5761, 5762, 5764, 5766, 5809, 5820, 5827, 5840, 5845, 5852, 5858, 5864, 5871, 5917, 5918, 5920, 5922, 5923, 5924, 5925, 5926, 5927, 5928, 5929, 5930, 5931, 5934, 5936, 5937, 5938, 5939, 5941, 5942, 5943, 5944, 5945, 5946, 5947, 5948, 5949, 5950, 5951, 5952, 5953, 5954, 5956, 5958, 5960, 5962, 5964, 5966, 5968, 5970, 5972, 5976, 5978, 5980, 5982, 5986, 5988, 5990, 5992, 5994, 5998, 5999, 6001, 6002, 6003, 6005, 6007, 6008, 6010, 6012, 6014, 6016, 6017, 6019, 6021, 6023, 6024, 6025, 6026, 6029, 6030, 6051, 6077, 6082, 6087, 6092, 6097, 6102, 6104, 6106, 6107, 6108, 6109, 6110, 6112, 6113, 6114, 6118, 6120, 6124, 6127, 6129, 6131, 6133, 6134, 6135, 6137, 6139, 6144, 6147, 6149, 6152, 6258, 6259, 6260, 6261, 6262, 6263, 6265, 6269, 6273, 6277, 6278, 6279, 6280, 6281, 6282, 6283, 6284, 6288, 6289, 6290, 6292, 6293, 6294, 6295, 6296, 6297, 6298, 6299, 6300, 6301, 6303, 6304, 6306, 6308, 6309, 6311, 6313, 6315, 6316, 6317, 6318, 6319, 6321, 6322, 6323, 6325, 6327, 6328, 6329, 6331, 6332, 6334, 6335, 6336, 6337, 6338, 6340, 6341, 6342, 6344, 6345, 6346, 6347, 6348, 6350, 6351, 6352, 6354, 6355, 6360, 6362, 6367, 6371, 6374, 6376, 6378, 6383, 6385, 6387, 6389, 6391, 6393, 6399, 6404, 6411, 6419, 6421, 6424, 6425, 6509, 6510, 6511, 6512, 6513, 6514, 6515, 6516, 6517, 6518, 6519, 6520, 6521, 6522, 6523, 6524, 6525, 6526, 6527, 6528, 6529, 6530, 6531, 6534, 6535, 6536, 6537, 6538, 6542, 6543, 6544, 6545, 6546, 6547, 6548, 6549, 6550, 6551, 6553, 6554, 6556, 6558, 6559, 6561, 6562, 6563, 6564, 6565, 6566, 6567, 6569, 6571, 6572, 6573, 6574, 6575, 6576, 6578, 6579, 6580, 6581, 6582, 6584, 6586, 6587, 6588, 6589, 6591, 6592, 6593, 6595, 6596, 6599, 6605, 6611, 6617, 6621, 6622, 6623, 6624, 6625, 6628, 6629, 6630, 6631, 6632, 6633, 6634, 6635, 6662, 6664, 6666, 6668, 6669, 6670, 6671, 6673, 6674, 6675, 6677, 6679, 6680, 6681, 6682, 6684, 6685, 6687, 6689, 6691, 6693, 6695, 6697, 6699, 6701, 6702, 6704, 6706, 6708, 6710, 6712, 6714, 6716, 6718, 6719, 6720, 6721, 6722, 6723, 6724, 6725, 6726, 6727, 6728, 6729, 6730, 6731, 6732, 6733, 6734, 6735, 6736, 6738, 6739, 6740, 6741, 6742, 6743, 6744, 6745, 6746, 6747, 6748, 6750, 6751, 6752, 6753, 6754, 6755, 6756, 6757, 6758, 6759, 6760, 6761, 6762, 6763, 6764, 6765, 6766, 6767, 6768, 6769, 6770, 6771, 6772, 6773, 6775, 6777, 6779, 6780, 6781, 6782, 6783, 6784, 6785, 6786, 6788, 6790, 6792, 6793, 6794, 6796, 6797, 6799, 6800, 6803, 6804, 6805, 6806, 6807, 6808, 6809, 6810, 6812, 6813, 6814, 6816, 6817, 6818, 6819, 6820, 6821, 6822, 6823, 6824, 6825, 6827, 6828, 6829, 6830, 6831, 6832, 6857, 6858, 6863, 6864, 6865, 6868, 6871, 6876, 6877, 6878, 6879, 6880, 6883, 6885, 6886, 6887, 6888, 6889, 6892, 6893, 6897, 6898, 6899, 6900, 6901, 6902, 6903, 6904, 6905, 6906, 6907, 6908, 6909, 6910, 6911, 6912, 6913, 6914, 6915, 6916, 6917, 6918, 6919, 6920, 6921, 6922, 6923, 6924, 6925, 6926, 6930, 6931, 6932, 6933, 6934, 6935, 6980, 6981, 6982, 6984, 6985, 6986, 6988, 6990, 6992, 6994, 6996, 6998, 6999, 7000, 7001, 7003, 7004, 7005, 7007, 7009, 7010, 7012, 7014, 7016, 7017, 7018, 7019, 7020, 7021, 7022, 7023, 7024, 7025, 7026, 7027, 7028, 7029, 7030, 7031, 7032, 7033, 7034, 7035, 7036, 7037, 7039, 7048, 7049, 7050, 7051, 7052, 7053, 7054, 7055, 7056, 7057, 7058, 7059, 7060, 7061, 7062, 7063, 7064, 7065, 7069, 7070, 7072, 7073, 7074, 7075, 7076, 7077, 7078, 7079, 7080, 7081, 7082, 7083, 7084, 7085, 7086, 7087, 7088, 7089, 7090, 7091, 7092, 7093, 7094, 7095, 7096, 7097, 7098, 7099, 7100, 7101, 7102, 7106, 7108, 7109, 7110, 7111, 7113, 7114, 7115, 7116, 7117, 7118, 7119, 7120, 7121, 7123, 7124, 7125, 7126, 7128, 7129, 7130, 7131, 7132, 7133, 7135, 7136, 7137, 7139, 7141, 7142, 7143, 7145, 7146, 7147, 7148, 7149, 7150, 7151, 7152, 7153, 7154, 7156, 7157, 7159, 7160, 7161, 7162, 7163, 7165, 7169, 7171, 7172, 7186, 7189, 7191, 7192, 7193, 7194, 7195, 7197, 7211, 7213, 7215, 7217, 7219, 7221, 7223, 7225, 7227, 7350, 7351, 7352, 7353, 7354, 7355, 7356, 7357, 7358, 7359, 7361, 7399, 7401, 7402, 7403, 7435, 7447, 7455, 7456, 7457, 7458, 7459, 7461, 7462, 7464, 7465, 7466, 7467, 7468, 7469, 7470, 7471, 7473, 7474, 7476, 7477, 7478, 7480, 7482, 7483, 7484, 7485, 7487, 7488, 7490, 7492, 7493, 7494, 7496, 7498, 7500, 7501, 7502, 7504, 7506, 7508, 7509, 7510, 7511, 7512, 7513, 7514, 7516, 7517, 7518, 7519, 7521, 7522, 7526, 7527, 7528, 7529, 7531, 7532, 7533, 7534, 7537, 7538, 7539, 7540, 7541, 7542, 7543, 7544, 7545, 7546, 7547, 7548, 7549, 7550, 7551, 7552, 7553, 7554, 7555, 7556, 7557, 7558, 7559, 7560, 7561, 7563, 7564, 7565, 7567, 7568, 7569, 7570, 7572, 7573, 7574, 7575, 7577, 7578, 7580, 7581, 7582, 7583, 7584, 7585, 7586, 7587, 7588, 7589, 7590, 7591, 7593, 7594, 7595, 7596, 7597, 7598, 7618, 7619, 7620, 7621, 7622, 7623, 7624, 7625, 7626, 7627, 7628, 7629, 7630, 7631, 7632, 7634, 7635, 7636, 7638, 7639, 7640, 7641, 7642, 7643, 7644, 7645, 7646, 7647, 7648, 7649, 7650, 7651, 7652, 7653, 7655, 7656, 7657, 7658, 7659, 7660, 7661, 7662, 7663, 7664, 7665, 7666, 7667, 7669, 7671, 7672, 7673, 7676, 7679, 7685, 7700, 7701, 7702, 7703, 7704, 7705, 7707, 7708, 7709, 7710, 7711, 7716, 7717, 7740, 7741, 7747, 7750, 7754, 7761, 7766, 7769, 7772, 7777, 7779, 7805, 7807, 7809, 7810, 7815, 7818, 7819, 7820, 7821, 7824, 7827, 7828, 7829, 7830, 7831, 7832, 7833, 7834, 7835, 7836, 7837, 7838, 7839, 7840, 7841, 7842, 7843, 7844, 7845, 7846, 7847, 7848, 7855, 7857, 7898, 7900, 7901, 7902, 7904, 7905, 7907, 7909, 7911, 7912, 7914, 7916, 7917, 7918, 7920, 7922, 7924, 7925, 7926, 7928, 7929, 7931, 7932, 7933, 7934, 7935, 7937, 7939, 7941, 7943, 7944, 7946, 7948, 7950, 7952, 7954, 7956, 7958, 7959, 7961, 7963, 7964, 7965, 7966, 7969, 7972, 7974, 7975, 7978, 7982, 7983, 7985, 7986, 7988, 7989, 7990, 7991, 7993, 7994, 7995, 7996, 7997, 7999, 8001, 8002, 8003, 8004, 8006, 8007, 8008, 8014, 8019, 8021, 8022, 8024, 8025, 8028, 8029, 8030, 8031, 8033, 8034, 8035, 8036, 8037, 8038, 8039, 8041, 8042, 8043, 8045, 8047, 8048, 8050, 8052, 8054, 8056, 8057, 8058, 8059, 8060, 8061, 8062, 8064, 8066, 8068, 8070, 8071, 8073, 8075, 8077, 8108, 8109, 8110, 8111, 8112, 8113, 8114, 8115, 8116, 8117, 8118, 8119, 8120, 8121, 8122, 8123, 8124, 8125, 8126, 8127, 8128, 8129, 8130, 8131, 8132, 8133, 8134, 8135, 8136, 8137, 8139, 8140, 8141, 8142, 8143, 8144, 8145, 8146, 8147, 8148, 8149, 8150, 8151, 8152, 8153, 8155, 8157, 8158, 8159, 8161, 8163, 8165, 8166, 8167, 8169, 8170, 8171, 8172, 8173, 8174, 8175, 8176, 8177, 8178, 8179, 8180, 8181, 8182, 8183, 8184, 8185, 8186, 8187, 8190, 8217, 8236, 8237, 8238, 8239, 8240, 8242, 8243, 8244, 8245, 8246, 8248, 8251, 8252, 8253, 8254, 8255, 8256, 8335, 8388, 8389, 8390, 8391, 8392, 8393, 8394, 8395, 8396, 8397, 8398, 8399, 8400, 8401, 8402, 8403, 8404, 8405, 8406, 8407, 8409, 8410, 8412, 8414, 8416, 8418, 8419, 8420, 8421, 8423, 8424, 8425, 8426, 8427, 8429, 8431, 8432, 8434, 8435, 8436, 8437, 8438, 8450, 8451, 8452, 8453, 8454, 8455, 8456, 8457, 8458, 8459, 8460, 8461, 8462, 8463, 8464, 8465, 8466, 8473, 8485, 8487, 8488, 8489, 8490, 8491, 8493, 8495, 8496, 8498, 8499, 8500, 8501, 8502, 8503, 8515, 8516, 8517, 8518, 8519, 8520, 8521, 8522, 8523, 8524, 8525, 8526, 8527, 8528, 8529, 8533, 8535, 8536, 8537, 8538, 8539, 8540, 8542, 8543, 8545, 8546, 8547, 8548, 8549, 8550, 8551, 8552, 8553, 8554, 8555, 8556, 8557, 8558, 8559, 8560, 8561, 8562, 8563, 8564, 8565, 8566, 8567, 8568, 8569, 8570, 8578, 8586, 8633, 8635, 8637, 8639, 8641, 8643, 8645, 8647, 8649, 8675, 8681, 8682, 8685, 8686, 8689, 8690, 8691, 8692, 8693, 8694, 8696, 8697, 8698, 8699, 8700, 8701, 8702, 8703, 8704, 8705, 8706, 8707, 8711, 8712, 8713, 8714, 8715, 8716, 8717, 8718, 8719, 8720, 8721, 8722, 8723, 8724, 8725, 8726, 8727, 8728, 8729, 8730, 8731, 8732, 8733, 8734, 8735, 8736, 8737, 8738, 8739, 8740, 8741, 8742, 8743, 8745, 8747, 8749, 8750, 8751, 8752, 8754, 8766, 8778, 8781, 8786, 8797, 8799, 8800, 8801, 8802, 8803, 8804, 8806, 8807, 8871, 8881, 8899, 8910, 8925, 9140, 9141, 9142, 9143, 9145, 9146, 9147, 9166, 9179, 9186, 9193, 9212, 9227, 9241, 9242, 9266, 9274, 9275, 9295, 9322, 9444, 9721, 9738, 9743, 9744, 9745, 9746, 9758, 9759, 9760, 9765, 9768, 9769, 9770, 9771, 9772, 9773, 9774, 9775, 9776, 9777, 9778, 9779, 9780, 9781, 9791, 9799, 9801, 9808, 9809, 9810, 9811, 9831, 9832, 9833, 9835, 9836, 9864, 9865, 9866, 9867, 9908, 9909, 9910, 9911, 9913, 9954, 9955, 9959, 9962, 9963, 9965, 9975, 10005, 10006, 10007, 10008, 10009, 10010, 10011, 10014, 10015, 10016, 10017, 10018, 10019, 10020, 10021, 10022, 10023, 10024, 10052, 10053, 10054, 10055, 10056, 10057, 10058, 10063, 10064, 10067, 10069, 10071, 10073, 10075, 10076, 10078, 10080, 10316, 10317, 10318, 10319, 10320, 10322, 10323, 10324, 10326, 10328, 10329, 10330, 10331, 10332, 10333, 10334, 10335, 10336, 10337, 10338, 10339, 10340, 10341, 10342, 10344, 10345, 10346, 10347, 10348, 10350, 10366, 10367, 10368, 10369, 10379, 10381, 10390, 10391, 10392, 10393, 10394, 10396, 10397, 10398, 10399, 10400, 10401, 10402, 10404, 10447, 10448, 10449, 10450, 10451, 10452, 10453, 10454, 10455, 10456, 10457, 10458, 10531, 10532, 10533, 10534, 10535, 10536, 10537, 10538, 10539, 10540, 10541, 10542, 10543, 10544, 10545, 10546, 10699, 10700, 10701, 10702, 10703, 10704, 10705, 10706, 10707, 10708, 10709, 10710, 10711, 10712, 10713, 10714, 10715, 10716, 10719, 10721, 10730, 10732, 10734, 10736, 10738, 10740, 10742, 10744, 10770, 10771, 10778, 10780, 10781, 10783, 10784, 10786, 10788, 10790, 10792, 10794, 10796, 10798, 10800, 10802, 10804, 10808, 10809, 10810, 10812, 10814, 10816, 10818, 10820, 10822, 10824, 10826, 10828, 10830, 10832, 10834, 10836, 10838, 10840, 10842, 10844, 10846, 10848, 10850, 10852, 10854, 10856, 10858, 10924, 10925, 10926, 10930, 10931, 10937, 10942, 10951, 10953, 10954, 10956, 10958, 10960, 10961]
elapsed time avg = [5873, 5875, 5877, 5879, 5884, 5885, 5886, 5888, 5889, 5891, 5893, 5895, 5899, 5901, 5902, 5904, 5906, 5908, 5911, 5914, 6028, 6035, 6038, 6040, 6042, 6044, 6046, 6048, 6050, 6057, 6059, 6061, 6063, 6065, 6067, 6068, 6070, 6072, 6074, 6076, 6142, 6146, 6148, 6151, 6533, 6539, 6541, 6598, 6601, 6602, 6603, 6604, 6606, 6607, 6608, 6609, 6610, 6612, 6613, 6614, 6616, 6618, 6619, 6620, 6627, 6636, 6637, 6638, 6639, 6640, 6641, 6642, 6643, 6645, 6646, 6647, 6648, 6649, 6650, 6651, 6652, 6653, 6654, 6655, 6656, 6657, 6658, 6659, 6660, 6661, 6774, 6776, 6778, 6787, 6789, 6791, 6802, 6835, 6836, 6837, 6838, 6839, 6840, 6841, 6842, 6843, 6844, 6845, 6846, 6847, 6848, 6849, 6850, 6851, 6852, 6853, 6854, 6855, 6856, 6859, 6860, 6861, 6862, 6872, 6873, 6874, 6875, 6929, 6936, 6938, 6940, 6942, 6944, 6946, 6949, 6951, 6953, 6955, 6957, 6959, 6961, 6963, 6965, 6967, 6969, 6972, 6974, 6976, 6978, 7067, 7235, 7238, 7240, 7242, 7243, 7245, 7247, 7248, 7251, 7253, 7255, 7257, 7258, 7259, 7261, 7262, 7264, 7266, 7269, 7270, 7273, 7276, 7278, 7280, 7282, 7284, 7286, 7288, 7290, 7292, 7294, 7296, 7298, 7300, 7302, 7304, 7306, 7307, 7309, 7310, 7312, 7313, 7315, 7317, 7319, 7321, 7323, 7324, 7326, 7329, 7331, 7333, 7335, 7337, 7339, 7341, 7343, 7344, 7345, 7347, 7349, 7410, 7411, 7412, 7413, 7414, 7415, 7416, 7417, 7525, 7530, 7536, 7599, 7600, 7601, 7602, 7603, 7604, 7605, 7606, 7607, 7608, 7609, 7610, 7611, 7612, 7613, 7614, 7615, 7616, 7674, 7675, 7678, 7680, 7681, 7682, 7683, 7684, 7686, 7687, 7688, 7689, 7690, 7691, 7692, 7693, 7694, 7695, 7696, 7697, 7698, 7699, 7706, 7713, 7715, 7720, 7721, 7723, 7725, 7727, 7728, 7730, 7732, 7733, 7734, 7736, 7737, 7739, 7742, 7743, 7744, 7746, 7748, 7749, 7751, 7753, 7755, 7756, 7757, 7758, 7760, 7763, 7765, 7768, 7771, 7774, 7776, 7778, 7781, 7782, 7784, 7785, 7787, 7788, 7789, 7790, 7791, 7792, 7793, 7794, 7795, 7796, 7797, 7798, 7799, 7800, 7801, 7802, 7803, 7804, 7806, 7808, 7811, 7812, 7813, 7814, 7817, 7823, 7826, 7850, 7852, 7854, 7858, 7860, 7862, 7864, 7866, 7868, 7870, 7872, 7874, 7875, 7876, 7877, 7878, 7879, 7880, 7881, 7882, 7884, 7886, 7887, 7888, 7890, 7891, 7892, 7893, 7894, 7895, 7896, 7897, 8010, 8011, 8012, 8013, 8017, 8195, 8196, 8198, 8661, 8709, 8768, 8770, 8772, 8774, 8776, 10223, 10225, 10370, 10377, 10460, 10462, 10464, 10466, 10468, 10470, 10472, 10474, 10476, 10478, 10480, 10482, 10484, 10486, 10488, 10490, 10492, 10494, 10496, 10498, 10500, 10502, 10504, 10506, 10508, 10510, 10512, 10514, 10516, 10518, 10520, 10522, 10524, 10526, 10528, 10530, 10933, 10935]
elapsed time per insert query = [2129, 3795]
elapsed time/query = [1919, 1920, 1921, 1922, 1923, 1924, 1925, 1926, 2072, 2074, 2075, 2077, 2079, 2081, 2082, 2085, 3590, 3591, 3592, 3593, 3594, 3595, 3596, 3597, 3648, 3649, 3650, 3651, 3652, 3653, 3702, 3704, 3707, 3709, 3711, 3712, 3713, 3714, 3716, 3717, 3718, 3719, 3722, 3723, 3724, 3725, 3726, 3727, 3729, 3730, 3731, 3733, 3735, 3737, 3750, 5306, 5400, 5401, 5402, 5403, 5404, 5405, 5406, 5407, 5408, 5409, 5411, 5412, 5413, 5414, 5736, 5737, 5739, 5740]
elapsed_time_by_kernel = [8508, 8632, 8673, 9148, 9213, 9283, 9315, 9344, 9345, 10395]
execution time = [5417, 5418, 5419, 5420, 5421, 5422, 5423, 5424, 5425, 5426, 5427, 5428, 5429, 5430, 5431, 5433, 5434, 5435, 5437, 5438, 5445, 5446, 5447, 5448, 5620, 5622, 5623, 5624, 5625, 5626, 5627, 5628, 5629, 5630, 5633, 5634, 5635, 5636, 5637, 5638, 5639, 5640, 5655, 5657, 5658, 5659]
i/o time = [4927, 5162, 5170, 5183, 5196, 5202, 5207, 5213]
input dictionaries creation time = [7167, 9788]
items per second = [1206, 1207, 1208, 1209, 1210, 1211, 1212, 1213, 1214, 1215, 1216, 1217, 9964, 9966]
log write rate = [4946, 5155, 5158, 5188, 5190, 5193, 6184, 6438, 9971]
lps = [6192, 6446]
max dml count = [4877, 5167, 5174, 5179, 5186, 5199, 5209, 5216, 6181, 6435]
merge actions = [4146, 4150, 5463, 5722]
min dml count = [8370, 8374]
min elapsed time delta = [1934, 3434]
numcollisions = [9960, 9961]
parallelism = [6928, 6937, 6939, 6941, 6943, 6945, 6947, 6950, 6952, 6954, 6956, 6958, 6960, 6962, 6964, 6966, 6968, 6970, 6973, 6975, 6977, 6979, 8018]
query cpu runtime = [148, 155, 571, 3687, 4086]
query runtime = [5442, 5444, 5616, 5617]
rates table build time = [7168, 9240]
response time = [5161, 5169, 5175, 5182, 5195, 5201, 5206, 5212, 6173, 6427]
rps = [6867, 6870, 6882, 6891, 6895, 7968, 7971, 7973, 7977, 7980]
runtime = [8, 9, 12, 13, 101, 103, 106, 107, 108, 109, 303, 304, 307, 559, 671, 715, 716, 717, 813, 1006, 1007, 1008, 1009, 1010, 1019, 1020, 1021, 1022, 1023, 1024, 1025, 1026, 1027, 1028, 1029, 1121, 2086, 2087, 2088, 3736, 3741, 5380, 5381, 5382, 5383, 5699, 5700, 5701, 5702]
search actions = [4783, 4792, 5464, 5465, 5467, 5469, 5471, 5723, 5725, 5727, 5729, 5731]
stopwatch = [6833, 6834, 7718, 7745, 10989, 10990]
sum of average execution time from all processes = [5410, 5493, 5750, 5763]
sum of cpu time from all processes = [49, 81, 500, 912, 1077, 1098, 1132, 4815, 4817, 4827, 4840]
sum of lookup time from all processes = [31, 110, 113, 625, 5494, 5495, 5496, 5765, 5767, 5768]
sum of scan time from all processes = [2012]
testjoinrepeated = [5450, 5455, 5459, 5693, 5705, 5709]
testjoinsimple = [5451, 5456, 5460, 5694, 5706, 5710]
testjoinstringrepeated = [5452, 5457, 5461, 5697, 5707, 5711]
testjoinstringsimple = [5453, 5458, 5462, 5698, 5708, 5712]
throughput = [5807, 5812, 5814, 5816, 5818, 5819, 5823, 5825, 5830, 5831, 5833, 5835, 5838, 5839, 5843, 5844, 5847, 5848, 5850, 5854, 5856, 5861, 5863, 5866, 5868, 5870, 5881, 5897, 5912, 5916, 5919, 5932, 5940, 5955, 6094, 6096, 6116, 6122, 6123, 6126, 6196, 6199, 6201, 6203, 6207, 6209, 6212, 6213, 6215, 6217, 6220, 6221, 6223, 6225, 6228, 6229, 6231, 6234, 6236, 6239, 6241, 6245, 6249, 6253, 6255, 6256, 6257, 6264, 6358, 6370, 8276, 8277]
time = [3797, 3798, 5355, 5356, 5359, 5361, 5364, 5684, 5685, 5687, 5688, 5690]
total cpu time = [173, 175]
total dialogue steps per minute = [4842, 4887, 4895, 4938, 4940, 5154, 5157, 5160, 5168, 5181, 5189, 5192, 5200, 5211, 6172, 6426, 9967]
total dml count = [5166, 5173, 5178, 5185, 5198, 5204, 5208, 5215, 6180, 6434]
total elapsed total time = [1935, 3435]
total lock wait time = [8368, 8369, 8372, 8373]
total number of updates = [4868, 4922, 4942, 4945]
tpmc = [6153, 6162, 6171, 6285, 6286, 6287]
tps ratio = [1291, 1996, 1999, 2003]
write actions = [1108, 4764, 4796, 4930, 5466, 5468, 5470, 5472, 5726, 5728, 5730, 5735]